AAME,20100315,1.6,1.6,1.49,1.49,8100
AAON,20100315,6.2252,6.3437,6.1807,6.2252,103500
AAPL,20100315,32.1971,32.2143,31.4643,31.9771,17625000
AAWW,20100315,48.11,48.63,47.6,48.36,264300
AAXJ,20100315,55.58,55.58,54.97,55.36,100600
ABAX,20100315,27.42,27.49,27.04,27.33,55700
ABCB,20100315,9.79,9.88,9.5,9.52,22100
ABCD,20100315,3.67,3.7,3.67,3.7,15400
ABCO,20100315,16.285,16.465,16.18,16.43,20300
ABIO,20100315,17.28,17.7,16.98,17.16,7100
ABMD,20100315,10.39,10.39,10.24,10.35,225100
ABTL,20100315,5.6,5.95,5.4,5.55,532700
ACAD,20100315,1.55,1.75,1.48,1.69,2754800
ACAS,20100315,4.75,4.88,4.71,4.79,2852700
ACAT,20100315,11.75,12.03,11.54,11.69,26900
ACET,20100315,6.02,6.02,5.85,5.95,110300
ACFC,20100315,1.83,1.85,1.81,1.85,2900
ACFN,20100315,6.33,6.55,6.05,6.17,101800
ACGL,20100315,24.7533,25.0167,24.68,24.9567,228300
ACHN,20100315,2.66,2.74,2.62,2.65,137000
ACIW,20100315,6.99,7.05,6.9333,6.9767,130600
ACLS,20100315,1.71,1.71,1.66,1.7,284300
ACOR,20100315,35.74,36.18,35.07,35.47,386000
ACPW,20100315,4.5,4.65,4.4,4.45,31800
ACTG,20100315,10.78,10.78,10.29,10.54,191400
ACTS,20100315,2.42,2.48,2.36,2.36,72000
ACUR,20100315,5.27,5.29,5,5.06,23200
ACWI,20100315,42.77,42.95,42.59,42.93,88200
ACWX,20100315,41,41.04,40.72,41.03,301900
ACXM,20100315,17.9,17.93,17.48,17.86,424400
ADAT,20100315,1.96,2.08,1.96,2.06,125000
ADBE,20100315,35.15,35.56,35,35.49,3933000
ADEP,20100315,3,3.15,2.93,3.15,4400
ADES,20100315,3.395,3.525,3.395,3.455,42100
ADI,20100315,29.02,29.05,28.75,28.92,2589100
ADP,20100315,44.18,44.35,43.87,44.24,2935900
ADRA,20100315,26.27,26.27,26.19,26.23,5900
ADRD,20100315,21.13,21.13,20.95,21.08,13100
ADRE,20100315,43.58,43.58,43.08,43.44,55100
ADRU,20100315,20.71,20.71,20.48,20.55,8700
ADSK,20100315,29.08,29.3,28.97,29.26,1316500
ADTN,20100315,25.28,25.44,24.94,25.12,1064000
ADUS,20100315,8.2,8.62,8.2,8.34,22100
ADVS,20100315,22.3,22.3,21.915,22.15,142600
AEHR,20100315,2.48,2.5,2.32,2.38,25700
AEIS,20100315,16.27,16.35,15.7,15.79,808000
AEPI,20100315,34.3,34.7,32.25,32.32,89500
AETI,20100315,2.66,2.66,2.55,2.66,2100
AEY,20100315,2.17,2.23,2.17,2.2,32200
AEZS,20100315,4.86,4.92,4.86,4.92,46700
AFAM,20100315,36.47,36.47,35.3,35.55,299400
AFCB,20100315,10.86,10.86,10.72,10.75,23300
AFFX,20100315,7.77,7.85,7.44,7.52,1615700
AFOP,20100315,0.64,0.68,0.64,0.68,86000
AFSI,20100315,14.15,14.26,14.13,14.2,74400
AGEN,20100315,0.78,0.78,0.75,0.77,174800
AGII,20100315,30.39,30.7,30.39,30.6,194400
AGNC,20100315,26.46,26.77,26.35,26.77,455700
AGYS,20100315,11.53,11.69,11.36,11.48,98700
AHGP,20100315,33.04,34.01,32.49,33.85,51000
AHPI,20100315,3.99,4.18,3.98,3.98,800
AIMC,20100315,12.12,12.44,12.06,12.27,91400
AINV,20100315,12.55,12.75,12.52,12.63,1871800
AIRM,20100315,10.4967,10.5,10.2567,10.3867,124200
AIRT,20100315,12.25,12.49,11.9,12.47,26600
AIXG,20100315,35.07,35.25,34.29,34.73,472000
AKAM,20100315,31.37,31.54,30.81,31.28,6041900
AKRX,20100315,1.57,1.64,1.56,1.63,164400
ALCO,20100315,27.03,27.32,26.39,26.66,14700
ALGN,20100315,19.05,19.06,18.12,18.54,699200
ALGT,20100315,54.33,54.95,53.96,54.77,102000
ALKS,20100315,13.97,14.19,13.2,14.01,7351400
ALLB,20100315,8.32,8.35,8.3,8.35,1300
ALLT,20100315,4.85,5.01,4.8,5.01,108300
ALNY,20100315,18.31,18.37,18.11,18.15,74400
ALOG,20100315,42.92,43.62,42,42.75,63200
ALOT,20100315,7.43,7.65,7.32,7.36,3400
ALSK,20100315,8.29,8.56,8.28,8.53,657200
ALTI,20100315,0.75,0.8,0.75,0.79,408900
ALTR,20100315,25.04,25.04,24.65,24.85,5169000
ALXA,20100315,28.4,29.2,28,28.8,118500
ALXN,20100315,26.405,26.55,26.22,26.425,417300
AMAG,20100315,35.84,36.08,35,35.36,179300
AMAT,20100315,12.33,12.33,12.12,12.23,23661200
AMCC,20100315,9.24,9.25,8.97,9.03,662700
AMCF,20100315,7.85,7.9,7.55,7.74,90400
AMCN,20100315,7.04,7.09,6.89,7.01,138900
AMED,20100315,59.21,59.29,58.24,58.86,299900
AMGN,20100315,57.27,57.75,56.53,56.89,7051700
AMIC,20100315,6.09,6.1,5.96,6.1,1300
AMKR,20100315,6.73,6.73,6.54,6.63,1436100
AMNB,20100315,19.33,19.98,19.25,19.63,3800
AMOT,20100315,3.35,3.45,3.24,3.43,4500
AMOV,20100315,23.675,23.825,23.465,23.64,1800
AMPH,20100315,24.99,26.17,24.68,25.92,32000
AMRB,20100315,7.6,8,7.6,7.99,14600
AMRI,20100315,8.6,8.68,8.5,8.53,18800
AMRN,20100315,1.07,1.22,1.05,1.22,110300
AMSC,20100315,30.11,30.11,28.05,28.14,1657200
AMSF,20100315,16.46,16.57,16.37,16.43,161100
AMSG,20100315,22.04,22.22,21.95,22.09,141000
AMSWA,20100315,6.02,6.05,5.92,5.98,23400
AMWD,20100315,19.99,20.18,19.96,20.08,13500
AMZN,20100315,131.7,132,128.63,131.13,6329300
ANAD,20100315,4.43,4.47,4.35,4.39,429700
ANAT,20100315,114.49,115.56,113.01,113.59,11000
ANCI,20100315,5.55,5.7,5.4,5.55,141700
ANCX,20100315,6.06,6.06,5.95,5.99,1900
ANDE,20100315,22.7467,22.8333,22.6,22.7133,186100
ANGO,20100315,15.13,15.52,15.13,15.47,226400
ANIK,20100315,6.47,6.56,6.37,6.56,27500
ANSS,20100315,45,45.29,44.65,45.21,299100
ANTH,20100315,56.72,57.2,56.24,57.12,6000
APAGF,20100315,22.77,23.44,22.63,23.3,22000
APEI,20100315,44.05,44.81,43.96,44.63,110700
APOG,20100315,15.14,15.35,14.72,15.09,175600
APOL,20100315,62.9,63.53,62.6,63.21,1490200
APPY,20100315,13.5,13.62,13.2,13.56,49500
APSA,20100315,9,9,9,9,0
ARAY,20100315,7.25,7.32,7,7.05,295000
ARCC,20100315,13.76,13.95,13.5,13.62,1223400
ARCI,20100315,2.38,2.4,2.16,2.3,11500
ARCW,20100315,1.3,1.3,1.28,1.28,500
AREX,20100315,9.1,9.4,9.05,9.24,104500
ARIA,20100315,3.29,3.4,3.16,3.32,3956800
ARII,20100315,10.72,11.99,10.69,11.95,291700
ARKR,20100315,13.53,13.64,13.27,13.39,8700
ARLP,20100315,22.075,22.075,21.595,21.82,78800
ARMH,20100315,10.14,10.19,10,10.1,1598600
ARNA,20100315,3.04,3.09,3,3.01,2233300
AROW,20100315,26.28,26.43,25.85,26.27,16500
ARQL,20100315,3.75,3.8,3.51,3.54,156200
ARRS,20100315,12.29,12.34,12.02,12.15,1359200
ARRY,20100315,2.5,2.54,2.45,2.51,145000
ARTNA,20100315,18.11,18.4,18.01,18.25,3900
ARTW,20100315,5.78,5.78,5.6,5.74,9500
ARTX,20100315,1.76,1.85,1.75,1.84,16600
ARUN,20100315,13.18,13.32,12.69,12.96,813700
ARWR,20100315,0.57,0.57,0.54,0.54,64300
ASBC,20100315,13.29,13.43,13.07,13.16,2462700
ASBI,20100315,2.86,2.86,2.86,2.86,500
ASCMA,20100315,28.05,28.2,28.05,28.2,19200
ASEI,20100315,76.21,76.26,75.5,75.63,18600
ASFI,20100315,7.93,7.95,7.58,7.59,19200
ASMI,20100315,25.36,25.36,24.75,25,41800
ASML,20100315,33.91,33.91,33.21,33.49,1964600
ASPS,20100315,25.18,25.43,24.62,24.9,110600
ASRV,20100315,1.64,1.75,1.63,1.75,35700
ASRVP,20100315,22.25,22.25,21.88,22.25,2300
ASTC,20100315,3.33,3.43,3.27,3.36,133700
ASTE,20100315,29.49,29.5,28.96,29.44,106700
ASTI,20100315,4.22,4.27,4.09,4.17,69400
ASTM,20100315,30.4,31.8,30.4,31.8,318500
ASUR,20100315,1.5533,1.6,1.5533,1.6,3200
ASYS,20100315,8.56,8.71,8.45,8.63,59400
ATAI,20100315,4.42,4.55,4.26,4.55,34000
ATAX,20100315,5.9,5.9,5.8,5.83,26900
ATEA,20100315,3.25,3.4,3.25,3.4,4800
ATEC,20100315,6.43,6.62,6.37,6.61,342500
ATHN,20100315,38.21,38.32,35.83,37.29,1973700
ATHX,20100315,3.02,3.14,2.95,2.95,238900
ATLO,20100315,20.04,20.25,19.92,20.14,2800
ATML,20100315,5.15,5.18,5,5.02,4022000
ATNI,20100315,41.08,41.44,40.19,40.35,52500
ATRC,20100315,5.58,5.69,5.38,5.42,9500
ATRI,20100315,159.02,162.46,156.16,159.28,1200
ATRM,20100315,31.6,32.3,31.3,32.1,2600
ATRO,20100315,7.8417,7.9167,7.8167,7.9,11500
ATSG,20100315,2.68,2.72,2.56,2.58,132600
ATVI,20100315,11.46,11.57,11.35,11.54,10987300
AUBN,20100315,20,20.22,19.8,19.9,2100
AUDC,20100315,3.59,3.63,3.54,3.59,147000
AUXL,20100315,32.91,33.62,32.88,32.95,1173600
AVAV,20100315,24.2,24.2,23.05,24.05,501300
AVEO,20100315,8.65,9,8.65,9,519300
AVGO,20100315,19.56,19.56,19.03,19.42,179100
AVNR,20100315,2.16,2.18,2.11,2.15,270000
AVNW,20100315,6.06,6.16,5.85,6.14,245500
AWRE,20100315,2.4,2.42,2.31,2.42,2900
AXAS,20100315,2.1,2.16,2.04,2.08,113200
AXTI,20100315,3.43,3.43,3.15,3.24,200000
AZPN,20100315,10.29,10.5,10.06,10.35,49500
BABY,20100315,14.29,14.29,14.02,14.25,91200
BAGL,20100315,12.29,12.46,12.07,12.37,20500
BAMM,20100315,7.14,7.38,7,7.03,60800
BANF,20100315,42.11,42.11,41.43,41.78,8000
BANFP,20100315,25.98,25.98,25.98,25.98,0
BANR,20100315,23.66,23.73,22.89,23.52,46400
BASI,20100315,0.83,0.83,0.68,0.68,3400
BBBY,20100315,42.32,43.04,42.11,43,3744000
BBEP,20100315,15.06,15.13,14.6,14.86,272200
BBGI,20100315,3.6,3.77,3.6,3.77,400
BBNK,20100315,8.34,8.75,8.34,8.75,3200
BBOX,20100315,32.57,33.19,32.17,32.99,101900
BBRY,20100315,75.83,76.95,74.85,75.54,11620600
BBSI,20100315,13.38,13.48,13.2,13.41,55200
BCBP,20100315,8.95,9,8.78,9,5600
BCPC,20100315,24.22,24.59,23.67,24.18,79000
BCRX,20100315,7.34,7.46,6.97,7.15,449100
BDGE,20100315,25.54,26.25,25.38,26.05,2600
BDMS,20100315,16,16,15.76,15.98,1100
BDSI,20100315,4.22,4.43,4.21,4.31,175200
BEAT,20100315,6.91,7.03,6.82,6.96,188400
BEAV,20100315,28.92,29.15,28.6,28.72,935700
BEBE,20100315,9.1,9.26,8.97,9.23,930600
BECN,20100315,18.43,18.78,18.4,18.61,540600
BELFA,20100315,20.5,20.5,20.5,20.5,600
BELFB,20100315,22.68,22.75,21.76,22.35,24900
BFIN,20100315,9.55,9.64,9.39,9.46,19600
BGCP,20100315,5.99,6.03,5.88,6.01,349300
BGFV,20100315,15.63,15.72,15.31,15.64,121300
BIDU,20100315,57.048,62.85,56.32,57.684,5212200
BIIB,20100315,58.86,58.99,58.31,58.9,1407300
BIOC,20100315,4.28,4.34,4.24,4.34,28100
BIOD,20100315,17.48,17.76,17.44,17.68,42500
BIOF,20100315,57.8,58,56.2,57,49700
BIOS,20100315,8.1,8.2,8.04,8.09,293500
BJRI,20100315,24.12,24.54,23.97,24.29,454600
BKCC,20100315,10.09,10.09,9.88,10,620400
BKMU,20100315,6.68,6.68,6.46,6.51,98600
BKSC,20100315,9.95,9.95,9.95,9.95,200
BKYF,20100315,22.3,22.3,21.76,21.76,1600
BLDP,20100315,2.53,2.54,2.44,2.54,377700
BLDR,20100315,3.14,3.15,3.03,3.1,120600
BLKB,20100315,25.12,25.43,25.09,25.35,68400
BMRC,20100315,32.82,33.33,32.33,33.14,3400
BMRN,20100315,22.87,22.96,22.56,22.63,1087400
BMTC,20100315,18.37,18.37,17.9,18.28,12000
BNCL,20100315,9.73,9.78,9.6,9.69,52100
BNCN,20100315,8.08,8.09,8.08,8.08,600
BNSO,20100315,1.08,1.08,1.08,1.08,0
BOBE,20100315,32.13,32.37,31.81,32.11,239700
BOCH,20100315,5.06,5.48,5.02,5.47,9400
BOFI,20100315,12.95,13,12.85,12.88,56700
BOKF,20100315,46.6,46.88,46.38,46.82,89400
BOLT,20100315,11.01,11.19,10.81,10.99,18900
BONT,20100315,12.85,12.85,12.12,12.35,132000
BOOM,20100315,15.76,15.91,15.75,15.79,115800
BOSC,20100315,5.96,5.96,5.48,5.8,3500
BPFH,20100315,7.75,7.75,7.5,7.68,311800
BPHX,20100315,2.52,2.57,2.45,2.55,179400
BPOP,20100315,23.2,23.2,22.4,22.6,3409000
BPOPM,20100315,16.03,17.7,16,17.7,2600
BPOPN,20100315,18.32,18.35,18.32,18.35,4100
BRCD,20100315,5.57,5.6,5.44,5.58,24398500
BRCM,20100315,32.66,32.75,32.33,32.61,4265100
BRID,20100315,11.94,11.96,11.74,11.74,1400
BRKL,20100315,10.63,10.67,10.41,10.66,259000
BRKR,20100315,13.77,14.09,13.76,14,673000
BRKS,20100315,8.78,8.85,8.54,8.58,231300
BRLI,20100315,22.66,22.66,22.01,22.185,84000
BSDM,20100315,1.81,1.81,1.74,1.76,14900
BSET,20100315,5.4,5.8,5.33,5.8,93600
BSQR,20100315,2.55,2.65,2.49,2.6,5600
BSRR,20100315,11.84,11.9,11.47,11.64,17100
BSTC,20100315,29,29,26.05,27.61,28300
BTUI,20100315,5.68,5.68,5.38,5.5,5300
BUSE,20100315,4.22,4.32,4.13,4.29,138200
BVSN,20100315,13.3,13.4,13.3,13.3,3200
BWEN,20100315,45.2,45.4,40.9,41.1,3734700
BWINA,20100315,24.09,24.09,24.09,24.09,0
BWINB,20100315,25.46,25.75,25.46,25.69,18600
BWLD,20100315,47.88,48.88,47.65,48.47,371400
BYFC,20100315,6.09,6.09,6.09,6.09,0
CA,20100315,22.93,23.06,22.7,22.99,3833200
CAAS,20100315,22.52,22.6,21.28,21.9,619400
CAC,20100315,31.75,32.57,31.43,32.48,6400
CACB,20100315,0.56,0.6,0.55,0.57,150700
CACC,20100315,43.61,43.61,41.56,43,39700
CACH,20100315,5.14,5.28,5.14,5.27,16500
CADC,20100315,63.24,64.8,60.96,62.4,139900
CAKE,20100315,26.91,27.05,26.51,26.77,1567700
CALD,20100315,3.58,3.66,3.52,3.63,30100
CALI,20100315,27.42,28.02,26.7,26.88,25200
CALM,20100315,34.55,35.17,33.96,34.86,114900
CAMP,20100315,2.84,2.85,2.77,2.83,139200
CAMT,20100315,2.76,2.84,2.73,2.82,60700
CART,20100315,5.13,5.13,5.05,5.05,1900
CARV,20100315,8,8,8,8,0
CASH,20100315,22.75,23,22.6,22.93,3100
CASM,20100315,1.93,1.99,1.93,1.99,2100
CASS,20100315,30.87,31.06,30.48,30.77,3500
CASY,20100315,29.93,29.93,29.45,29.62,341000
CATM,20100315,10.93,10.95,10.5,10.63,128300
CATY,20100315,10.89,10.96,10.67,10.81,1033600
CAVM,20100315,24.8,24.85,24.2,24.41,225600
CBAK,20100315,12.95,13.1,12.4,12.7,582700
CBAN,20100315,4.09,4.11,4.03,4.11,900
CBIN,20100315,8.35,8.35,8.35,8.35,0
CBLI,20100315,3.69,3.74,3.65,3.68,42800
CBMX,20100315,57.5,57.5,53.1,55.5,25800
CBNJ,20100315,7.21,7.5,7.2,7.4,14500
CBNK,20100315,12.82,12.82,12.73,12.73,1700
CBPO,20100315,9.52,9.52,9.07,9.44,60800
CBRL,20100315,45.92,46.42,45.6,46.3,197800
CBRX,20100315,9.04,9.28,8.4,8.4,323500
CBSH,20100315,39.93,40.17,39.58,39.99,402600
CBST,20100315,22.33,22.38,22.04,22.38,329500
CCBG,20100315,12.97,13.08,12.97,13.07,15800
CCMP,20100315,37.07,37.44,36.95,37.32,168300
CCNE,20100315,17.86,17.86,17.44,17.57,3000
CCOI,20100315,11.16,11.36,11.08,11.35,135600
CCRN,20100315,9.75,9.75,9.5,9.65,49600
CCUR,20100315,5.12,5.38,4.95,5.15,28100
CDNS,20100315,6.33,6.34,6.22,6.32,1468100
CDTI,20100315,1.8,1.8,1.61,1.67,2700
CDZI,20100315,13.1,13.1,12.75,13.07,52200
CECE,20100315,3.49,3.52,3.45,3.51,26100
CECO,20100315,30.67,31.02,30.35,30.89,1337300
CELG,20100315,30.665,31.095,30.655,30.975,2307400
CENT,20100315,10.73,10.95,10.73,10.93,63800
CENTA,20100315,9.73,9.95,9.71,9.93,155500
CENX,20100315,14.62,14.74,14.06,14.49,3514400
CERN,20100315,21.28,21.2975,20.985,21.14,274100
CERS,20100315,3.06,3.06,2.68,2.8,744900
CETV,20100315,29.45,29.74,29.16,29.16,224300
CEVA,20100315,13,13.46,12.79,12.96,82400
CFBK,20100315,5,5,5,5,8400
CFFI,20100315,20.15,20.15,20.15,20.15,200
CFFN,20100315,36.21,36.31,35.95,36.11,79200
CFNB,20100315,13.13,13.48,12.96,13.45,7700
CFNL,20100315,9.8,10,9.77,10,78400
CGEN,20100315,5.07,5.1,4.8,4.93,246200
CGNX,20100315,9.62,9.675,9.48,9.625,90400
CHCI,20100315,0.83,0.83,0.82,0.83,28800
CHCO,20100315,34.2,34.55,34.05,34.44,31400
CHDN,20100315,36.82,36.88,36.47,36.84,11800
CHDX,20100315,11.82,11.82,11.46,11.58,66500
CHEV,20100315,8.92,8.95,8.87,8.95,1100
CHFC,20100315,21.87,22.15,21.74,22.11,25900
CHFN,20100315,9.1644,9.1644,9.1644,9.1644,0
CHKE,20100315,17.7,17.9,17.62,17.72,22400
CHKP,20100315,34.73,34.9,34.38,34.6,1484100
CHLN,20100315,4.36,4.38,3.81,3.9,1088000
CHNR,20100315,12.01,12.01,11.8,11.92,10700
CHOP,20100315,7.57,7.7,7.26,7.37,250100
CHRW,20100315,53.97,54.23,53.45,53.88,1651000
CHSCP,20100315,28.32,28.32,27.86,27.95,12800
CHYR,20100315,2.16,2.2,2.12,2.2,29300
CIDM,20100315,1.65,1.68,1.42,1.55,92000
CIMT,20100315,1.69,1.77,1.69,1.76,25800
CINF,20100315,28.68,28.73,28.4,28.69,982600
CISG,20100315,25.6,26.04,25.08,25.4,213000
CIZN,20100315,24.85,25.24,24.85,25.09,3000
CKEC,20100315,12.78,12.8,12.55,12.72,102200
CKSW,20100315,7.59,7.64,7.34,7.5,226400
CLBH,20100315,3.35,3.6,3.35,3.6,700
CLCT,20100315,10.58,10.94,10.54,10.54,60000
CLDX,20100315,5.26,5.26,5.07,5.15,309000
CLFD,20100315,2.6,2.6,2.5,2.53,33400
CLMS,20100315,14.71,14.76,14.42,14.51,144100
CLMT,20100315,21.15,21.19,20.83,20.87,87800
CLNE,20100315,21.49,22.24,21.48,21.8,1565000
CLRO,20100315,3.18,3.18,3.03,3.04,2300
CLSN,20100315,4.24,4.4,3.75,3.8,135700
CLUB,20100315,3.32,3.34,3.26,3.34,48300
CLWT,20100315,11.88,12.76,11.825,12.155,45100
CMCO,20100315,15.81,15.86,15.64,15.74,103400
CMCSA,20100315,17.53,17.56,17.32,17.53,12560000
CMCSK,20100315,16.68,16.77,16.52,16.67,4117700
CME,20100315,62.576,62.912,61.92,62.83,494700
CMLS,20100315,3.4,3.47,3.38,3.45,37900
CMSB,20100315,8,8,8,8,700
CMTL,20100315,31,31.46,31,31.25,236400
CNBKA,20100315,20.21,20.72,19.38,19.76,18900
CNMD,20100315,23.9,24.11,23.51,24.04,120600
CNOB,20100315,8.64,8.79,8.59,8.79,39800
CNQR,20100315,42.33,42.58,42.08,42.35,136600
CNSL,20100315,18.44,18.46,18.24,18.44,105600
CNTF,20100315,3.3,3.37,3.11,3.26,324700
CNTY,20100315,2.34,2.37,2.25,2.27,56300
CNYD,20100315,62.25,62.3,59.8,60.6,37500
COBK,20100315,8.01,8.9,8.01,8.9,2000
COBR,20100315,2.5,2.68,2.45,2.57,26100
COBZ,20100315,6.3,6.3,6.01,6.06,66400
COCO,20100315,16.99,17.88,16.99,17.53,1182300
COHR,20100315,32.21,32.69,32.17,32.67,72300
COHU,20100315,14.01,14.15,13.63,13.8,37100
COKE,20100315,58.28,58.99,58.28,58.68,18500
COLB,20100315,21.92,22.07,21.51,22,97300
COLM,20100315,48.47,50.27,48.24,50.19,193000
CONN,20100315,7.11,7.4,7.02,7.32,359900
COOL,20100315,7.07,7.14,6.72,6.93,192100
CORE,20100315,16.745,16.805,15.925,15.955,63600
CORT,20100315,2.79,2.89,2.74,2.76,89000
COSI,20100315,3.56,3.56,3.4,3.52,141900
COST,20100315,60.07,60.62,60.05,60.55,2584600
COWN,20100315,5.6,5.65,5.47,5.52,296700
CPHC,20100315,8,8,7.51,7.51,500
CPHD,20100315,18.84,19.04,18.38,18.72,704400
CPIX,20100315,11.52,11.82,11.05,11.46,67800
CPLA,20100315,87.32,88.09,86.82,87.68,94700
CPLP,20100315,8.84,8.84,8.7,8.78,167300
CPRT,20100315,17.705,17.835,17.585,17.76,192300
CPRX,20100315,0.69,0.69,0.67,0.69,130400
CPSI,20100315,39.11,39.39,38.64,38.79,129300
CPSS,20100315,1.74,2.02,1.74,1.96,93200
CPST,20100315,1.27,1.27,1.22,1.25,1532600
CPWR,20100315,8.46,8.46,8.31,8.38,1848000
CRAI,20100315,27.98,27.98,26.73,27.42,10400
CRAY,20100315,5.79,5.86,5.71,5.75,210200
CRDC,20100315,1.7,1.82,1.66,1.77,85400
CREE,20100315,71,71.06,69.08,69.7,1850100
CRESW,20100315,0.18,0.18,0.18,0.18,1100
CRESY,20100315,13.01,13.01,12.68,12.85,74400
CRIS,20100315,3.19,3.2,3.1,3.2,358400
CRME,20100315,32,32.35,31.25,32.25,209400
CRMT,20100315,25.89,25.89,24.85,25.28,81400
CRNT,20100315,12.2,12.25,12.05,12.15,69500
CROX,20100315,7.6,7.65,7.36,7.48,1348300
CRRC,20100315,17.05,17.3,16.92,17.2,16300
CRUS,20100315,7.78,7.8,7.61,7.66,480500
CRVL,20100315,18.165,18.165,17.865,18.03,9200
CRWN,20100315,1.81,1.84,1.79,1.81,29200
CRWS,20100315,3.48,3.5,3.48,3.5,3900
CRZO,20100315,24.78,25.09,23.65,24.01,612800
CSBK,20100315,9.74,9.74,9.14,9.64,9100
CSCD,20100315,4.21,4.35,4.1,4.19,24400
CSCO,20100315,25.76,26.09,25.74,26.08,36768500
CSFL,20100315,11.81,11.9,11.78,11.88,67100
CSGP,20100315,42.34,43.48,42.34,42.87,249000
CSGS,20100315,21.4,21.73,21.2,21.67,371700
CSII,20100315,5.59,5.59,5.26,5.49,49300
CSIQ,20100315,22.66,23.36,22.17,22.4,1518200
CSPI,20100315,3.56,3.72,3.45,3.55,10300
CSUN,20100315,4.11,4.2,4.05,4.05,261900
CSWC,20100315,23.7275,23.7275,23.2525,23.66,800
CTAS,20100315,26.71,26.8,26.54,26.78,535400
CTBI,20100315,26.61,26.99,26.34,26.96,16200
CTCM,20100315,16.95,17.16,16.14,16.25,390000
CTCT,20100315,21.66,22.7,21.65,21.97,588900
CTHR,20100315,1.79,1.79,1.68,1.71,45500
CTIB,20100315,2.45,2.45,2.38,2.4,3000
CTIC,20100315,5.05,5.25,4.95,5.05,13181600
CTRN,20100315,30.61,32.29,30.23,32.28,126400
CTRP,20100315,38.5,38.6,37.16,37.97,1298100
CTSH,20100315,25.36,25.46,25.17,25.425,2331200
CTWS,20100315,24.02,24.04,23.8,23.94,6000
CTXS,20100315,48.09,49.14,48.01,49,6798900
CU,20100315,30.3,30.3,29.84,29.84,1000
CUBA,20100315,6.44,6.44,6.37,6.38,4400
CUTR,20100315,10.89,10.91,10.78,10.82,42200
CVBF,20100315,9.68,9.8,9.59,9.77,510200
CVCO,20100315,38.52,38.65,38.11,38.56,8500
CVCY,20100315,5.69,5.7,5.69,5.7,900
CVGI,20100315,5.95,6.39,5.77,6.04,190900
CVGW,20100315,19,19,18.09,18.2,65700
CVLT,20100315,22.64,22.92,22.48,22.52,361900
CVLY,20100315,5.95,5.95,5.93,5.93,700
CVTI,20100315,5.18,5.65,4.76,5.63,62100
CVV,20100315,3.8,3.82,3.61,3.74,10000
CWBC,20100315,3.04,3.04,3.04,3.04,200
CWCO,20100315,14.52,14.6,14.18,14.32,44600
CWST,20100315,5.15,5.15,5.08,5.11,55500
CXDC,20100315,6.57,6.64,6.38,6.51,131700
CY,20100315,12.38,12.4,12.23,12.35,1865600
CYAN,20100315,3.66,3.86,3.59,3.59,25800
CYBE,20100315,8.38,8.58,8.08,8.37,4700
CYBX,20100315,18.9,19.2,18.85,19.17,75000
CYCC,20100315,19.74,19.74,18.55,18.83,1303000
CYCCP,20100315,4.03,4.03,4.03,4.03,0
CYNO,20100315,10.02,10.11,9.9,9.94,58800
CYOU,20100315,31.75,32.11,30.66,30.97,235000
CYTK,20100315,20.16,20.34,19.5,19.62,99300
CYTR,20100315,8.33,8.75,8.33,8.68,607500
CYTX,20100315,5.49,5.66,5.01,5.25,4015300
CYTXW,20100315,3.97,3.97,2.66,3.3,135900
CZFC,20100315,6.9,6.92,6.9,6.92,500
CZNC,20100315,12.13,12.24,11.6,12.02,9500
CZWI,20100315,3.84,3.9,3.84,3.9,4500
DAIO,20100315,4.36,4.49,4.3,4.44,6700
DAKT,20100315,8.24,8.28,8.15,8.26,115400
DARA,20100315,2.6,2.6,2.45,2.5,219900
DAVE,20100315,6.88,7.11,6.88,7.01,34800
DCOM,20100315,13.41,13.45,13.36,13.39,88000
DCTH,20100315,93.76,100,92.8,97.44,872000
DENN,20100315,3.15,3.28,3.09,3.13,2489800
DEPO,20100315,3.28,3.42,3.2,3.42,397200
DEST,20100315,12.415,12.49,12.105,12.465,6600
DFZ,20100315,10.21,10.27,10.09,10.19,23900
DGAS,20100315,14.97,14.97,14.705,14.95,1900
DGICA,20100315,14.85,14.9,14.67,14.8,12000
DGICB,20100315,17.17,17.17,17.17,17.17,0
DGII,20100315,11.77,11.98,11.56,11.74,74100
DGLY,20100315,2.05,2.2,2,2.08,61500
DHIL,20100315,69.53,70.35,68.4,70.02,2100
DIOD,20100315,21.12,21.5,21.03,21.41,252800
DISCA,20100315,32.49,32.53,32.14,32.39,1923500
DISCB,20100315,32.59,32.59,32.42,32.51,300
DISCK,20100315,14.315,14.38,14.19,14.325,293500
DISH,20100315,21.67,21.78,21.43,21.66,1475800
DJCO,20100315,69.7,69.7,69.5,69.6,800
DLIA,20100315,2.02,2.05,1.97,2.05,73500
DLTR,20100315,18.6667,19.03,18.48,18.9867,980200
DMLP,20100315,21.5,21.79,21.4,21.72,19900
DMND,20100315,41.5,41.5,40.67,41.3,387300
DMRC,20100315,19.28,19.3,18.75,18.91,11600
DNBF,20100315,5.26,5.82,5.26,5.4,3300
DNDN,20100315,36.88,37.09,36.41,36.77,2033100
DORM,20100315,9.8,9.82,9.525,9.705,33400
DOVR,20100315,3.21,3.22,3.02,3.02,800
DRAD,20100315,2.05,2.09,2.01,2.06,36500
DRAM,20100315,17.94,18.24,17.28,17.4,52200
DRIV,20100315,31.21,31.84,30.39,30.66,997000
DRRX,20100315,2.74,2.74,2.57,2.66,71500
DRWI,20100315,9.57,9.62,9.33,9.56,977400
DRYS,20100315,6.05,6.1,5.81,5.92,17708200
DSCI,20100315,5.01,5.04,5,5.04,5800
DSCO,20100315,0.54,0.54,0.52,0.53,1033800
DSGX,20100315,6.03,6.18,5.94,6.03,30400
DSPG,20100315,8.53,8.69,8.5,8.62,37500
DSWL,20100315,3.9,4.01,3.88,3.94,13000
DTLK,20100315,4.25,4.29,4.19,4.2,50900
DTSI,20100315,35.2,35.79,35.09,35.71,140700
DTV,20100315,34.97,35.1,34.51,34.73,8005900
DVAX,20100315,1.6,1.6,1.54,1.59,102700
DWA,20100315,42.12,42.46,41.5,42.16,1313400
DWCH,20100315,2.43,2.43,2.43,2.43,0
DWSN,20100315,31.2,31.2,29.5,30.07,92600
DXCM,20100315,9.73,9.86,9.44,9.77,313700
DXPE,20100315,12,12.08,11.95,12.01,28200
DXYN,20100315,3.71,4,3.6,3.77,38600
DYAX,20100315,3.92,4.03,3.79,3.98,383400
DYNT,20100315,4.8,5.15,4.8,5.1,11700
EBAY,20100315,25.97,26.64,25.79,26.28,19135900
EBIX,20100315,17.35,17.37,16.97,17.25,391400
EBSB,20100315,10.1,10.43,10.1,10.39,14300
EBTC,20100315,12.6,12.6,12.1,12.18,1200
ECHO,20100315,12.89,12.91,12.58,12.69,47300
ECOL,20100315,15.83,16.28,15.7,16.27,84000
ECPG,20100315,17.29,17.39,17,17.04,54700
EDAP,20100315,3.3,3.4,3.14,3.32,188400
EDGW,20100315,3.09,3.13,3.05,3.12,4300
EDMC,20100315,22.83,23.12,22.16,23,285700
EDS,20100315,9.6,9.6,9.5,9.53,31800
EDUC,20100315,6.5,6.5,6.44,6.47,2100
EEFT,20100315,19.83,19.83,19.07,19.23,202900
EEI,20100315,14.73,14.97,14.7,14.8,1100
EFII,20100315,12.54,12.54,12.25,12.45,44600
EFOI,20100315,1.15,1.33,1.15,1.26,80600
EFSC,20100315,9.28,9.45,9.21,9.37,16100
EFUT,20100315,6.5,6.5,5.95,6.01,18200
EGBN,20100315,12.16,12.37,11.82,12.17,113000
EGHT,20100315,1.27,1.3,1.26,1.27,167800
EGLE,20100315,23.32,23.32,22.4,22.52,2124100
EGOV,20100315,7.97,8.01,7.8,7.99,102500
EHTH,20100315,17.75,18.32,17.75,18.27,158800
ELGX,20100315,3.6,3.63,3.54,3.56,139500
ELNK,20100315,8.72,8.72,8.56,8.58,691400
ELON,20100315,9.06,9.08,8.8,8.82,132600
ELOS,20100315,10.73,11.05,10.58,10.88,97900
ELRC,20100315,12.72,12.72,12.26,12.3,26900
ELSE,20100315,3.75,3.75,3.5,3.5,500
ELTK,20100315,1.35,1.48,1.35,1.35,18500
EMCF,20100315,14,14,14,14,400
EMCI,20100315,22,22.2,21.8,21.88,16000
EMFN,20100315,25.02,25.02,24.75,24.75,10400
EMIF,20100315,31.49,31.49,31.13,31.34,10600
EMITF,20100315,23.21,23.52,22.8,23.02,2800
EMKR,20100315,4.32,4.44,4.24,4.28,497000
EMMS,20100315,1.1,1.18,1.07,1.11,114200
EMMSP,20100315,14.5,14.5,14.5,14.5,0
EMMT,20100315,23.91,23.94,23.79,23.8,900
ENDP,20100315,23.82,23.94,23.5,23.81,918700
ENG,20100315,2.92,3,2.92,3,40100
ENOC,20100315,29.91,30.07,29.37,29.65,301900
ENSG,20100315,17.26,17.88,17.22,17.46,80700
ENTG,20100315,5.25,5.27,4.96,5,1792900
ENTR,20100315,4.6,4.84,4.51,4.62,2135900
ENZN,20100315,10.04,10.1,9.91,10.05,582800
EPAX,20100315,11.69,11.93,11.12,11.32,96300
EPAY,20100315,17.25,17.44,16.93,17.07,54900
EPIQ,20100315,11.93,12.05,11.93,12.03,179100
EQIX,20100315,103.82,104.74,101.73,102.06,794300
ERIC,20100315,11.24,11.26,11.05,11.12,4842900
ERIE,20100315,40.77,41.09,40.72,41.04,25400
ERII,20100315,6.04,6.1,6.02,6.1,94100
EROC,20100315,6.14,6.5,6.14,6.4,295100
ESBF,20100315,9.1181,9.3264,9.1181,9.1458,3100
ESBK,20100315,15.9,15.9,15.9,15.9,0
ESCA,20100315,2.52,2.6,2.52,2.6,5000
ESEA,20100315,4,4.03,3.96,4,78600
ESGR,20100315,65.82,66.92,65.76,66.33,18600
ESIO,20100315,13.41,13.41,12.64,12.67,176300
ESLT,20100315,63.62,63.72,63.09,63.5,23200
ESMC,20100315,1.47,1.48,1.43,1.43,35900
ESRX,20100315,49.935,49.955,49.21,49.95,2164800
ESSA,20100315,12.92,12.95,12.82,12.94,21600
ESSX,20100315,6.36,6.36,6.36,6.36,0
ESYS,20100315,3.42,3.92,3.42,3.88,10400
ETFC,20100315,16.4,16.6,16.2,16.6,15351500
ETRM,20100315,3.78,4.08,3.66,3.66,1080200
EUFN,20100315,22.04,22.04,22.04,22.04,0
EVBS,20100315,7.64,8,7.64,7.83,21600
EVEP,20100315,32.5,32.51,31.68,32.29,227700
EVOL,20100315,6.83,7.05,6.76,6.76,35300
EWBC,20100315,17.58,17.58,16.92,17.42,1220400
EXAC,20100315,19.68,19.9,19.15,19.34,5000
EXAS,20100315,4.83,4.85,4.68,4.76,186600
EXEL,20100315,6.42,6.51,6.22,6.27,786700
EXFO,20100315,6.64,6.64,6.18,6.2,61900
EXLP,20100315,23.66,23.67,23.07,23.15,24400
EXLS,20100315,17.01,17.14,15.64,16.38,216800
EXPD,20100315,37.28,37.44,36.86,37.03,1080900
EXPE,20100315,22.32,22.69,22.16,22.63,4109500
EXPO,20100315,28.49,28.93,28.11,28.86,20400
EXTR,20100315,2.97,3.03,2.9,3.03,617000
EXXI,20100315,20.48,20.48,19.68,20.1,977900
EZCH,20100315,17.68,17.76,17.25,17.67,126800
EZPW,20100315,22.01,22.19,20.12,20.4,1897500
FALC,20100315,3.8,3.83,3.69,3.73,212600
FARM,20100315,18.96,18.96,18.33,18.52,10000
FARO,20100315,25.46,25.81,25.05,25.32,48600
FAST,20100315,22.655,22.97,22.57,22.94,979100
FBIZ,20100315,9.87,9.87,9.87,9.87,0
FBMS,20100315,9.2,9.45,9.2,9.45,500
FBNC,20100315,14.86,15.63,14.8,15.44,30000
FBSS,20100315,14.65,14.65,14.65,14.65,400
FCAP,20100315,14.99,14.99,14.99,14.99,100
FCBC,20100315,12.88,12.97,12.53,12.96,36300
FCCO,20100315,6.46,6.5,6.43,6.5,4100
FCCY,20100315,7.9,7.95,7.9,7.95,2300
FCEL,20100315,3.18,3.24,3.09,3.1,577200
FCFS,20100315,21.78,22.07,21.65,22.03,249100
FCHI,20100315,47.6,47.79,47.36,47.79,30600
FCLF,20100315,6.75,6.75,6.75,6.75,0
FCNCA,20100315,198.22,203,197.1,201.27,24700
FCTY,20100315,3.4,3.4,3.4,3.4,800
FCVA,20100315,7.39,7.39,7.39,7.39,0
FCZA,20100315,4.17,4.18,4.17,4.18,200
FDEF,20100315,10.42,10.5,10.41,10.41,15900
FDML,20100315,20.11,20.13,19.57,19.68,76400
FEIC,20100315,22.72,22.83,22.29,22.36,110400
FEIM,20100315,5.2,5.21,5.12,5.17,7100
FELE,20100315,14.455,14.53,14.4,14.46,56500
FFBC,20100315,18.21,18.37,18.19,18.34,155900
FFCO,20100315,5.75,5.75,5.75,5.75,0
FFHL,20100315,1.08,1.1,1.08,1.08,4600
FFIC,20100315,12.97,13.11,12.76,13,71800
FFIN,20100315,17.69,17.79,17.6067,17.7367,28000
FFIV,20100315,62.99,63.27,62.25,63.07,647200
FFKT,20100315,9.01,9.09,8.87,8.95,4800
FFKY,20100315,8.89,8.99,8.86,8.99,9300
FFNM,20100315,1.58,1.58,1.58,1.58,0
FFNW,20100315,7.34,7.34,7.18,7.26,9200
FHCO,20100315,6.8,6.8,6.08,6.77,177200
FINL,20100315,13.76,14.22,13.44,13.66,538800
FISI,20100315,14.79,14.88,14.32,14.37,15500
FISV,20100315,25.195,25.405,25.125,25.345,1738300
FITB,20100315,13.14,13.42,13.02,13.38,11583100
FIZZ,20100315,11.34,11.43,11.12,11.24,34000
FLEX,20100315,7.41,7.48,7.35,7.44,3979900
FLIC,20100315,25.73,25.74,25.05,25.26,8200
FLIR,20100315,26.53,26.74,26.52,26.66,1292300
FLML,20100315,8.09,8.2,7.98,8.08,41100
FLWS,20100315,2.58,2.58,2.46,2.58,127000
FLXS,20100315,16.01,16.27,15.85,15.98,43700
FMBI,20100315,13.55,13.91,13.36,13.62,807900
FMER,20100315,20.84,20.84,20.59,20.72,844800
FNFG,20100315,14.29,14.49,14.25,14.47,1715800
FNLC,20100315,14.53,14.9,14.31,14.84,18200
FNSR,20100315,14.15,14.9,14.1,14.81,3357900
FOLD,20100315,3.41,3.41,3.32,3.37,51500
FONR,20100315,1.41,1.44,1.38,1.43,5400
FORD,20100315,2.27,2.5,2.26,2.4,220400
FORM,20100315,18.06,18.18,17.43,17.55,356000
FORR,20100315,31.47,31.89,31.32,31.82,77100
FORTY,20100315,12.82,13,12.73,12.73,4200
FOSL,20100315,38.77,38.79,38,38.78,294500
FRBK,20100315,4.18,4.5,4.08,4.4,21700
FRED,20100315,10.63,10.79,10.48,10.54,224500
FREE,20100315,325,330,312.5,317.5,126100
FRME,20100315,6.55,6.73,6.5,6.7,24500
FSBK,20100315,12.43,12.43,12.02,12.25,11700
FSFG,20100315,10.97,11.2,10.97,11.2,15100
FSGI,20100315,2.37,2.46,2.28,2.28,7700
FSLR,20100315,115.53,118.64,114.21,114.92,2010300
FSRV,20100315,20.5,20.68,20.35,20.5,8000
FSTR,20100315,30.82,31,30.33,30.78,24500
FSYS,20100315,33.77,35.38,33.25,33.81,882100
FTEK,20100315,8.96,8.96,8.54,8.86,215500
FTNT,20100315,8.18,8.44,8.115,8.165,164300
FUBC,20100315,8.25,8.25,8,8.01,5600
FUEL,20100315,1.38,1.4,1.37,1.4,33800
FULT,20100315,9.74,9.94,9.72,9.91,898400
FUNC,20100315,5.41,5.65,4.66,5.43,51000
FUND,20100315,6.6,6.64,6.58,6.62,30000
FWLT,20100315,27.3,27.3,26.44,26.99,1912200
FWRD,20100315,26.62,26.65,26.37,26.39,101000
FXCB,20100315,10.8,11.1,10.8,11,15500
FXEN,20100315,3.5,3.56,3.34,3.44,72900
GABC,20100315,16.69,16.76,16.1,16.54,12700
GAI,20100315,12.25,12.3,12.2,12.29,3200
GAIA,20100315,8.25,8.44,8.07,8.13,44200
GAIN,20100315,5.77,6.18,5.74,6,158400
GALT,20100315,2.52,2.7,2.52,2.7,12000
GAME,20100315,6.75,6.78,6.63,6.71,1572500
GASS,20100315,5.06,5.06,5,5,10000
GBCI,20100315,14.7,15.06,14.7,15.05,473500
GBNK,20100315,9.1,9.25,8.75,9.1,50400
GCBC,20100315,14.81,14.81,14.8,14.8,1900
GENC,20100315,7.7,7.7,7.7,7.7,0
GENE,20100315,1.2,1.27,1.2,1.27,3700
GERN,20100315,6.3,6.37,6.08,6.14,968000
GFED,20100315,5.26,5.26,5.26,5.26,0
GFN,20100315,1.21,1.22,1.18,1.18,875800
GGAL,20100315,5.36,5.44,5.27,5.37,121400
GHDX,20100315,19.65,19.75,19.24,19.64,74800
GIFI,20100315,20.72,20.83,19.66,19.99,26600
GIGA,20100315,2.19,2.21,2.15,2.21,9700
GIGM,20100315,3.25,3.25,3.1,3.14,355800
GIII,20100315,21.85,21.85,21.41,21.64,60500
GILD,20100315,23.735,23.87,23.595,23.76,6231400
GILT,20100315,5.87,5.87,5.73,5.73,68500
GLAD,20100315,10.99,11.46,10.97,11.4,329900
GLBZ,20100315,9.25,9.25,9.25,9.25,0
GLDC,20100315,3.18,3.25,3.16,3.25,5700
GLDD,20100315,4.64,4.65,4.53,4.56,292900
GLNG,20100315,12.67,12.68,12.39,12.63,95800
GLRE,20100315,25.04,25.12,24.84,25.06,53100
GLUU,20100315,0.95,1,0.95,0.96,8300
GMCR,20100315,31,31.55,30.3733,31.03,1152100
GNCMA,20100315,5.87,5.88,5.7,5.72,99800
GNTX,20100315,20.15,20.42,20.04,20.35,791400
GNVC,20100315,30,30,28.7,29.4,3042800
GOLD,20100315,74.09,74.53,73.32,73.81,561400
GOOD,20100315,14.63,14.65,14.47,14.57,48300
GOODO,20100315,22.36,22.36,22.01,22.01,500
GOODP,20100315,23.28,23.84,23.26,23.52,1600
GOOG,20100315,283.34,284.725,278,281.59,4656500
GPIC,20100315,5.62,5.85,5.61,5.84,4200
GPOR,20100315,12.09,12.35,11.75,12,401100
GPRE,20100315,14.63,14.63,13.52,13.78,525500
GPRO,20100315,46.41,46.81,46.17,46.4,178200
GRID,20100315,30.93,30.93,30.39,30.5,21300
GRIF,20100315,29.16,29.6,29.14,29.3,600
GRMN,20100315,35.79,36.34,35.44,35.59,1456400
GROW,20100315,10.93,10.93,10.53,10.65,48100
GRVY,20100315,1.99,1.99,1.94,1.98,56100
GSBC,20100315,23.61,23.86,23.35,23.49,8000
GSIT,20100315,4.83,4.86,4.63,4.65,83700
GSM,20100315,11.03,11.16,10.84,10.94,241200
GSOL,20100315,6.7,7.15,6.52,7.04,288600
GT,20100315,13.8,13.89,13.52,13.74,2143900
GTIM,20100315,1.11,1.11,1.1,1.1,1000
GTIV,20100315,28.74,29.01,28.41,28.99,199300
GTLS,20100315,19.5,19.69,19.2,19.66,135300
GTXI,20100315,3.7,3.82,3.39,3.45,443400
GUID,20100315,5.43,5.71,5.43,5.71,12600
GULF,20100315,15.06,15.06,14.78,14.84,2500
GYRO,20100315,39.61,40,39.61,40,500
HA,20100315,7.99,8.03,7.9,8.01,470400
HAFC,20100315,2.74,2.74,2.6,2.67,200400
HAIN,20100315,16.72,16.72,16.28,16.64,215900
HALL,20100315,8.1,8.12,8.03,8.1,36900
HALO,20100315,7.31,7.57,7.08,7.45,637000
HAS,20100315,37.61,37.91,37.39,37.63,1839100
HAWK,20100315,21.27,21.32,20.46,20.48,82900
HAYN,20100315,34.33,34.33,33.53,34.04,26900
HBAN,20100315,5.43,5.45,5.27,5.41,22332200
HBANP,20100315,955,975,955,965.6,400
HBCP,20100315,13.97,14.49,13.85,14,89000
HBHC,20100315,42.5,42.73,41.76,42.05,88400
HBIO,20100315,3.98,4.03,3.86,4.03,84500
HBNC,20100315,8.3555,8.3555,8.3555,8.3555,400
HBNK,20100315,9.91,9.91,9.91,9.91,300
HBOS,20100315,10.46,10.5,10.21,10.5,2600
HCBK,20100315,13.7,13.75,13.43,13.52,5377400
HCCI,20100315,9.03,9.6,9,9.6,10000
HCKT,20100315,2.82,2.85,2.8,2.83,49100
HCSG,20100315,14.6333,14.76,14.62,14.7267,175200
HDNG,20100315,8.32,8.4,8.21,8.4,20500
HDSN,20100315,2.54,2.65,2.46,2.65,47300
HEES,20100315,10.82,10.98,10.59,10.63,25900
HELE,20100315,26.55,26.55,25.76,26.16,200200
HEOP,20100315,3.56,3.59,3.5,3.54,8400
HERO,20100315,4.67,4.68,4.4,4.51,1630200
HFBC,20100315,11.4,11.4,11.4,11.4,100
HFFC,20100315,10.05,10.34,9.98,9.98,4300
HFWA,20100315,14.7,14.7,14.59,14.65,19600
HIBB,20100315,25.16,25.68,24.95,25.56,334300
HIFS,20100315,32.5,32.5,32.5,32.5,1000
HIHO,20100315,2.46,2.56,2.45,2.5,17700
HILL,20100315,1.51,1.54,1.47,1.51,188100
HIMX,20100315,3.05,3.05,2.98,3,254000
HLIT,20100315,6.68,6.7,6.45,6.51,621500
HMIN,20100315,32.49,32.49,31.21,31.93,398700
HMNF,20100315,5.14,5.14,5.14,5.14,0
HMPR,20100315,47.75,48.25,46.25,48.25,38500
HMSY,20100315,15.1167,15.7833,15,15.7467,358700
HNSN,20100315,2.41,2.44,2.36,2.36,197800
HOFT,20100315,15,15.1,14.8,15.08,18000
HOLI,20100315,10.94,11.03,10.26,10.3,133100
HOLX,20100315,18.64,19.42,18.61,19.38,7393800
HOMB,20100315,13.035,13.08,12.815,12.995,77500
HOVNP,20100315,8.7,8.8,8.68,8.8,8900
HPJ,20100315,6,6,5.72,5.81,134100
HSIC,20100315,56.6,56.9,56.38,56.87,476100
HSII,20100315,28.43,28.71,28.24,28.62,36600
HSKA,20100315,0.9,0.9,0.85,0.9,59900
HSNI,20100315,29.57,29.57,28.52,29.4,478800
HSTM,20100315,3.99,4.02,3.94,4,6300
HTBK,20100315,4.04,4.25,3.79,4,81100
HTCH,20100315,7.52,7.52,7,7.18,288200
HTLD,20100315,16.21,16.29,15.81,16.26,599700
HTLF,20100315,16.47,16.47,16.19,16.32,14800
HTWR,20100315,41.49,42.41,40.06,42.41,49500
HUBG,20100315,28.05,28.82,27.72,28.76,284100
HURC,20100315,16.85,17.15,16.14,16.29,43600
HURN,20100315,22.69,22.75,22.08,22.36,443100
HWAY,20100315,16.29,16.68,16.23,16.61,64100
HWBK,20100315,12.01,12.45,12.01,12.45,600
HWCC,20100315,12.45,13.2,12.43,12.69,145700
HWKN,20100315,22.03,22.65,22.03,22.47,32800
IACI,20100315,23.76,23.76,23.4,23.65,1691800
IART,20100315,42.07,42.75,41.95,42.33,231400
IBB,20100315,90.77,90.82,90.03,90.57,699500
IBCA,20100315,3.86,4,3.86,4,18400
IBCP,20100315,0.79,0.79,0.68,0.72,95700
IBKC,20100315,60.09,60.66,59.76,60.14,231200
IBKR,20100315,16.28,16.35,15.87,16.32,624500
IBOC,20100315,22.21,22.75,22.19,22.68,204300
ICAD,20100315,1.45,1.45,1.4,1.4,49100
ICCC,20100315,3.58,3.58,3.58,3.58,0
ICFI,20100315,24,24,23.58,23.67,107800
ICGE,20100315,7.39,7.39,7.02,7.06,327000
ICLN,20100315,18.75,18.95,18.66,18.73,49800
ICLR,20100315,23.87,24.08,23.58,23.64,134800
ICON,20100315,15.26,15.42,15.08,15.28,359100
ICUI,20100315,35.29,35.68,35.09,35.39,45600
IDCC,20100315,27.7,27.82,27.35,27.5,272100
IDIX,20100315,3.04,3.04,2.75,2.82,287300
IDRA,20100315,5.01,5.08,4.87,4.99,18900
IDSA,20100315,7.5333,7.8267,7.5333,7.82,28300
IDSY,20100315,3.02,3.07,2.93,2.94,28400
IDTI,20100315,6,6.01,5.91,5.96,3217700
IDXX,20100315,55.79,56.64,55.79,56.62,229500
IESC,20100315,5.18,5.37,5.18,5.36,7600
IFAS,20100315,28.9,28.9,28.75,28.75,400
IFEU,20100315,28.2,28.2,28.2,28.2,100
IFGL,20100315,28.93,28.93,28.68,28.92,22800
IFNA,20100315,35.09,35.09,34.61,34.85,6000
IFON,20100315,1.14,1.17,1.14,1.14,26300
IFSM,20100315,33.74,33.74,33.47,33.55,3600
IGLD,20100315,31.73,31.73,30.14,31.14,57400
IGOV,20100315,101.95,101.95,101.71,101.75,4800
IGTE,20100315,9.79,9.9,9.63,9.87,82600
III,20100315,3.48,3.57,3.45,3.52,22500
IIIN,20100315,11.43,11.44,11.07,11.28,28800
IIJI,20100315,5.59,5.71,5.59,5.7,17300
IILG,20100315,14.78,14.84,14.57,14.83,273500
IIN,20100315,3.3,3.3,3.15,3.15,3500
IIVI,20100315,16.64,16.75,16.475,16.7,136900
IKAN,20100315,2.59,2.62,2.5,2.54,149500
IKNX,20100315,6.44,6.8,6.44,6.68,9200
ILMN,20100315,40.53,40.6,39.68,39.98,982600
IMGN,20100315,7.4,7.42,7.17,7.34,218700
IMKTA,20100315,14.89,14.94,14.72,14.78,29600
IMMR,20100315,4.56,4.58,4.5,4.53,49900
IMMU,20100315,3.74,3.82,3.57,3.57,978000
IMMY,20100315,4.5,4.5,4.5,4.5,0
IMOS,20100315,0.72,0.73,0.7,0.71,363100
INAP,20100315,6.03,6.03,5.83,6,450000
INCY,20100315,13.01,13.05,12.72,12.98,1163600
INDB,20100315,25.91,26.08,25.81,25.86,29000
INDY,20100315,25.76,25.87,25.63,25.8,11600
INFA,20100315,27.17,27.27,26.93,27.08,964000
INFI,20100315,6.2,6.29,6.17,6.21,12600
INFN,20100315,8.25,8.39,8.12,8.17,400100
ININ,20100315,19.25,19.38,18.93,19.3,56500
INOD,20100315,4.38,4.38,4.15,4.37,125800
INPH,20100315,2.35,2.48,2.32,2.46,7900
INSM,20100315,1.22,1.22,1.07,1.09,2526900
INTC,20100315,21.16,21.32,21.05,21.17,34377900
INTG,20100315,10.3,10.3,10.3,10.3,400
INTU,20100315,34.44,34.67,34.44,34.64,1812300
INTX,20100315,4.55,4.67,4.55,4.62,24100
INVE,20100315,18.4,18.4,17.5,18.4,10100
INWK,20100315,5.3,5.32,5.06,5.2,85000
IOSP,20100315,10.53,11.13,10.46,10.99,179500
IPAR,20100315,14.3,14.9,14.17,14.59,162000
IPAS,20100315,1.15,1.15,1.11,1.14,249200
IPCC,20100315,44.41,44.75,44.3,44.57,33500
IPCI,20100315,3.95,4.29,3.08,3.22,1287800
IPCM,20100315,32.98,33.5,32.98,33.46,61200
IPGP,20100315,15.8,15.84,15.3,15.72,47200
IPHS,20100315,25.76,25.79,25.53,25.72,181400
IPXL,20100315,16.5,17.28,16.43,17.23,1041500
IRBT,20100315,15.87,15.99,15.28,15.6,111300
IRDM,20100315,8.27,8.4,8.06,8.3,186700
IRDMZ,20100315,1.55,1.55,1.55,1.55,100
IRIX,20100315,3.97,4.18,3.86,3.99,44000
IRWD,20100315,13.39,14.5,13.37,14.04,227800
ISBC,20100315,5.2784,5.4157,5.2549,5.3843,339400
ISCA,20100315,26.17,26.37,26.02,26.25,83200
ISHG,20100315,102,102.02,101.92,102.02,10300
ISIG,20100315,5.79,6,5.79,6,47900
ISIL,20100315,14.96,14.99,14.79,14.93,1807900
ISIS,20100315,10.15,10.15,9.79,9.87,1865700
ISLE,20100315,7.38,7.38,7.05,7.3,263400
ISNS,20100315,13.36,14.25,12.95,14.05,11900
ISRG,20100315,357.5,361.99,353.74,356,315100
ISRL,20100315,71.51,80.1,71.51,80.1,1000
ISSC,20100315,4.37,4.49,4.31,4.36,8500
ISSI,20100315,7.5,7.59,7.28,7.47,608100
ITIC,20100315,34.51,34.76,34.51,34.76,300
ITMN,20100315,36.26,38.25,36.26,37.78,2119900
ITRI,20100315,69.92,70.39,68.77,69.4,282000
ITRN,20100315,16.25,16.56,16.08,16.31,109400
IVAC,20100315,15.18,15.19,14.51,14.64,176100
IVAN,20100315,11.16,11.46,10.98,11.37,1888300
IXYS,20100315,8.83,9.09,8.79,9.05,50500
JACK,20100315,23.08,23.25,22.77,23.03,436800
JAKK,20100315,12.82,12.97,12.78,12.97,359600
JASO,20100315,24.65,25,24,24.2,3831300
JAXB,20100315,182.4,182.4,182.4,182.4,0
JAZZ,20100315,11.3,11.38,10.84,11.1,343000
JBHT,20100315,35.46,35.74,35.25,35.69,824000
JBLU,20100315,5.38,5.53,5.29,5.45,9019900
JBSS,20100315,16.35,16.44,16.06,16.4,16300
JCOM,20100315,23.84,23.94,23.74,23.79,231100
JCS,20100315,13.58,13.58,13.15,13.34,5800
JCTCF,20100315,3.445,3.7,3.445,3.65,9500
JDSU,20100315,11.43,11.56,11.14,11.32,5715700
JJSF,20100315,43.94,44.79,43.88,44.22,68600
JKHY,20100315,23.53,23.95,23.51,23.95,848800
JMBA,20100315,10.3,10.75,10,10.7,778100
JOBS,20100315,9.035,9.165,8.995,9.14,20200
JOEZ,20100315,2.74,2.89,2.68,2.68,2623300
JOUT,20100315,11.5,11.5,11.5,11.5,0
JRJC,20100315,7.9,7.9,7.7,7.79,34700
JST,20100315,24,24,21.6,22.2,538900
JXSB,20100315,11.1,11.1,11.1,11.1,0
KALU,20100315,35.7,35.71,35.33,35.46,243200
KBALB,20100315,7.22,7.32,7.21,7.27,14600
KCAP,20100315,5.51,5.53,5.4,5.49,78300
KCLI,20100315,31.39,31.39,30.19,30.76,7000
KELYA,20100315,16.98,17.23,16.42,17.16,78200
KELYB,20100315,17.23,17.23,17.23,17.23,100
KEQU,20100315,13.58,13.63,13.53,13.53,2700
KERX,20100315,2.72,2.75,2.69,2.73,520400
KFFB,20100315,11.27,11.34,11.1,11.1,1000
KFRC,20100315,14.88,14.92,14.63,14.78,114700
KINS,20100315,2.83,2.83,2.68,2.68,600
KIRK,20100315,20.59,20.6,19.91,20.28,509700
KLAC,20100315,28.67,28.73,27.7,28.09,7296100
KLIC,20100315,7.16,7.24,6.88,6.97,1568500
KNDI,20100315,5.12,5.22,4.56,4.73,167100
KONA,20100315,3.39,3.4,3.35,3.35,3600
KOOL,20100315,0.57,0.58,0.56,0.58,108100
KOPN,20100315,3.78,3.8,3.7,3.77,1178200
KOSS,20100315,5.59,5.67,5.59,5.6,4600
KRNY,20100315,10.19,10.22,10.14,10.2,3400
KTCC,20100315,5.74,5.8,5.4,5.77,63800
KTEC,20100315,13.01,13.26,13,13.08,8500
KTOS,20100315,13.99,14.03,13.5,13.73,152100
KVHI,20100315,12.56,12.8,12.44,12.5,23200
KZ,20100315,7.4,7.54,7.21,7.42,208400
LABC,20100315,14.85,15,14.85,15,3400
LABL,20100315,12.93,13.01,12.45,12.83,7300
LACO,20100315,2.92,2.92,2.65,2.8,49700
LAKE,20100315,8.67,8.86,8.45,8.57,2300
LAMR,20100315,34.27,34.43,33.56,33.79,729400
LANC,20100315,58.13,58.77,58,58.63,102100
LARK,20100315,17.55,17.55,17.5,17.5,200
LAWS,20100315,15.86,16,15.54,15.98,6500
LAYN,20100315,29.41,29.86,28.87,29.15,91100
LBAI,20100315,8.72,8.9,8.72,8.87,16000
LBIX,20100315,1.73,1.88,1.7,1.88,12300
LBTYA,20100315,14.4609,14.5376,14.2054,14.3536,1137400
LBTYB,20100315,28.35,28.35,28.35,28.35,0
LBTYK,20100315,27.83,28.02,27.5,27.72,240200
LCUT,20100315,10.92,10.92,10.51,10.68,18800
LECO,20100315,27.02,27.095,26.71,27.055,202600
LFUS,20100315,38.08,38.52,37.09,37.51,166000
LGCY,20100315,22.56,22.99,22.14,22.83,300300
LGND,20100315,10.74,11.64,10.5,11.34,2127600
LHCG,20100315,32.55,32.78,32.44,32.66,155800
LIME,20100315,37.8,38.5,36.75,37.66,49200
LINC,20100315,26.5,26.89,25.9,26.67,200400
LINE,20100315,27.3,27.35,26.63,27.02,936500
LINTA,20100315,14.05,14.34,13.87,14.27,5241200
LINTB,20100315,14.12,14.28,13.79,14.28,500
LION,20100315,5.71,5.71,5.65,5.65,9800
LIOX,20100315,3.51,3.6,3.45,3.48,146000
LIVE,20100315,0.21,0.22,0.21,0.22,400
LKFN,20100315,18.03,18.06,17.72,18.01,23600
LLNW,20100315,3.94,3.95,3.84,3.89,89500
LLTC,20100315,27.6,27.64,27.25,27.39,2488600
LMAT,20100315,4.71,4.8,4.71,4.75,2700
LMCA,20100315,33.72,33.72,33.13,33.58,484500
LMIA,20100315,13.93,14.64,13.93,14.58,66000
LMNX,20100315,17.52,17.71,17.47,17.51,294400
LNBB,20100315,4.43,4.43,4.4,4.42,1200
LNCE,20100315,22.21,22.3,21.93,22.11,103200
LNDC,20100315,6.92,7,6.83,6.96,37400
LOAN,20100315,1.42,1.42,1.42,1.42,2100
LOCM,20100315,5.85,6.35,5.8,6.33,273300
LOGI,20100315,16.58,16.69,16.48,16.62,466200
LOGM,20100315,19.89,20,19.49,20,67200
LOJN,20100315,4.23,4.25,4.19,4.25,16200
LONG,20100315,10.84,11.38,10.7,11.15,8600
LOOK,20100315,2.76,2.79,2.64,2.73,50600
LOPE,20100315,24.26,24.5,23.99,24.23,421800
LORL,20100315,35.57,36.55,35.57,35.84,29000
LPHI,20100315,18.384,18.384,17.864,18.128,213800
LPNT,20100315,33.56,34.47,33.49,34.39,718500
LPSB,20100315,5.65,5.65,5.65,5.65,1000
LPSN,20100315,7.95,8.11,7.87,7.99,276300
LPTH,20100315,2.51,2.62,2.51,2.61,10200
LQDT,20100315,12.69,12.73,12.43,12.48,49600
LRCX,20100315,33.09,33.34,32.56,32.68,6697300
LSBI,20100315,10.02,10.02,10.02,10.02,0
LSBK,20100315,8.08,8.08,8.08,8.08,0
LSCC,20100315,3.48,3.5,3.41,3.48,1312400
LSTR,20100315,40.28,40.28,39.81,40.18,327700
LTBR,20100315,9,9,8.62,8.9,40700
LTRE,20100315,13.05,13.24,12.99,13.15,6100
LTRX,20100315,3.59,3.99,3.59,3.95,7100
LULU,20100315,17.605,18,17.5,17.835,739200
LUNA,20100315,3,3.03,2.88,3,78000
LWAY,20100315,12.01,12.09,11.99,12,14100
LXRX,20100315,1.54,1.54,1.41,1.42,2630100
LYTS,20100315,6.83,6.94,6.76,6.82,68400
MAGS,20100315,3.6,3.7,3.6,3.7,2700
MANH,20100315,6.7825,6.84,6.5975,6.83,173700
MANT,20100315,49.62,50.1,49.43,50.05,212500
MARPS,20100315,18.23,18.23,18.23,18.23,700
MASI,20100315,26.84,27,26.62,26.7,216900
MAT,20100315,22.79,22.97,22.61,22.94,4146500
MATW,20100315,34.58,34.93,34.43,34.93,57700
MAYS,20100315,14.62,15.75,14.62,15.6,3400
MBFI,20100315,21.37,21.47,20.93,21.27,231500
MBLX,20100315,11.76,11.96,11.4,11.81,279200
MBRG,20100315,13.56,13.93,13.54,13.93,6800
MBTF,20100315,1.5,1.51,1.46,1.46,23800
MBVT,20100315,21.92,22.39,21.38,22,33000
MBWM,20100315,3.71,4.02,3.71,3.95,17600
MCBC,20100315,1.75,1.77,1.73,1.77,7900
MCGC,20100315,5.58,5.6,5.42,5.49,205300
MCHP,20100315,28,28.25,27.73,27.84,3585600
MCHX,20100315,5.15,5.33,5.15,5.32,44800
MCRI,20100315,7.98,7.99,7.8,7.92,93700
MCRL,20100315,10.24,10.57,10.21,10.42,647800
MCRS,20100315,32.01,32.16,31.79,32.14,157400
MDAS,20100315,21.5,21.83,21.2,21.82,197600
MDCA,20100315,11,11.09,10.94,10.98,522600
MDCI,20100315,12.44,12.59,12.39,12.46,28600
MDCO,20100315,8.42,8.52,8.32,8.49,320500
MDRX,20100315,19.81,19.89,19.56,19.73,529800
MDSO,20100315,7.645,7.645,7.525,7.59,85400
MDVN,20100315,6.345,6.6,6.29,6.45,2037200
MEAS,20100315,15.88,16.06,15.71,16.06,77000
MELA,20100315,92.3,94.2,91,92.1,160400
MELI,20100315,48.5,48.5,46.04,46.47,677200
MENT,20100315,8.22,8.23,8.05,8.17,619300
MEOH,20100315,26.04,26.15,25.43,26.05,185600
MERC,20100315,5.44,5.59,5.28,5.55,272700
METR,20100315,13.19,13.32,13.01,13.21,37000
MFI,20100315,3.85,3.99,3.85,3.99,3700
MFLX,20100315,24.42,24.91,24.2,24.55,113100
MFNC,20100315,5,5,5,5,0
MFRI,20100315,6.58,6.64,6.48,6.54,11700
MFSF,20100315,6.25,6.25,6.05,6.06,700
MGAM,20100315,4.66,4.66,4.33,4.43,257200
MGEE,20100315,23.3667,23.5267,23.0133,23.46,41100
MGIC,20100315,2.3,2.44,2.28,2.4,346400
MGLN,20100315,44.2,44.2,43.32,43.96,288700
MGPI,20100315,7.36,7.36,7.21,7.26,25900
MGRC,20100315,24.35,24.72,24.17,24.66,23500
MGYR,20100315,4.49,4.49,4.49,4.49,0
MHGC,20100315,4.97,5,4.9,5,69700
MHLD,20100315,7.6,7.6,7.45,7.46,81500
MIDD,20100315,17.9333,18.22,17.7,18.1633,124100
MIND,20100315,7.82,7.82,7.66,7.8,7600
MINI,20100315,15.09,15.2,15,15.12,111600
MKSI,20100315,19.31,19.31,18.83,19.07,236200
MKTX,20100315,14.92,14.94,14.53,14.92,97100
MLAB,20100315,25.22,25.22,25.02,25.11,1100
MLHR,20100315,19.98,20.17,19.73,20.09,358800
MLNK,20100315,9,9.14,8.98,9.03,379200
MLNX,20100315,20.63,20.98,20.47,20.72,404500
MLVF,20100315,9.45,9.5,9.45,9.5,300
MMLP,20100315,31.73,31.73,31.33,31.67,40900
MMSI,20100315,11.216,11.648,11.2,11.608,313300
MNDO,20100315,1.65,1.89,1.65,1.73,439500
MNKD,20100315,7.04,10,6.56,7.89,17357500
MNOV,20100315,7.7,7.73,7.44,7.44,2300
MNRK,20100315,5.7417,5.9583,5.65,5.9583,15000
MNRO,20100315,22.08,22.2133,21.8533,22.04,318700
MNST,20100315,21.03,21.325,20.86,20.985,1189600
MNTA,20100315,14.49,14.57,14.22,14.34,345600
MNTG,20100315,2.11,2.11,1.87,1.94,135200
MNTX,20100315,2.48,2.56,2.39,2.56,50000
MOCO,20100315,10.5,10.8,10.5,10.65,16900
MOFG,20100315,11.36,11.36,11.25,11.25,1500
MORN,20100315,49.56,49.74,48.85,49.03,75300
MOSY,20100315,3.7,3.71,3.63,3.63,18600
MOVE,20100315,8.28,8.36,8.12,8.28,389000
MPAA,20100315,5.95,6.05,5.78,5.99,18400
MPB,20100315,10,10,10,10,0
MPEL,20100315,4.4,4.53,4.3,4.47,4286200
MPET,20100315,2.46,2.46,2.27,2.33,387900
MPWR,20100315,20.39,20.54,20.29,20.49,170500
MRCY,20100315,12.72,12.72,12.32,12.59,62100
MRGE,20100315,2.25,2.25,2.14,2.24,233600
MRLN,20100315,9.6,9.76,9.33,9.4,6200
MRTN,20100315,13.38,13.5667,13.38,13.46,80800
MRVL,20100315,20.21,20.22,19.74,19.87,9587300
MSBF,20100315,8.14,8.14,7.12,7.25,30000
MSCC,20100315,16.5,16.5,16.16,16.23,601700
MSEX,20100315,17.57,17.75,17.34,17.59,11000
MSFG,20100315,6.67,6.79,6.49,6.59,23200
MSFT,20100315,29.18,29.37,29.01,29.29,37516700
MSG,20100315,19.4,19.4,18.77,18.98,388600
MSON,20100315,2.32,2.33,2.32,2.33,300
MSTR,20100315,87.12,87.66,85.91,87.07,103600
MTEX,20100315,36.4,37.7,35.1,35.9,41100
MTRX,20100315,12.18,12.18,11.7,11.79,114800
MTSC,20100315,29.75,29.97,29.75,29.96,39700
MTSN,20100315,3.91,4.08,3.8,3.85,480400
MU,20100315,9.92,9.94,9.6,9.73,25973300
MVIS,20100315,21.44,21.68,20.24,20.88,668200
MWIV,20100315,42.84,43.07,42.33,42.71,79800
MXIM,20100315,19.11,19.25,18.96,19.04,2899500
MXWL,20100315,13.83,13.83,13.56,13.68,77200
MYGN,20100315,24.38,25.25,24.09,25.25,3813400
MYL,20100315,22,22,21.72,21.95,6283200
MYRG,20100315,16.7,17,16.42,16.67,190200
NAII,20100315,8.21,8.34,8.08,8.15,23700
NANO,20100315,9.29,9.31,8.81,8.9,369500
NASB,20100315,21.75,21.75,21.12,21.12,2600
NATH,20100315,15.22,15.22,15.17,15.17,200
NATI,20100315,22.2733,22.3667,22.18,22.26,163900
NATL,20100315,18.38,18.44,18.03,18.39,10100
NATR,20100315,8.57,8.57,8.09,8.4,2700
NAVG,20100315,38.9,38.9,38.45,38.5,161000
NAVI,20100315,3,3.03,2.92,3.01,145800
NBBC,20100315,4,4.1,3.84,3.93,19700
NBIX,20100315,2.48,2.5,2.36,2.41,255100
NBN,20100315,12.8,12.8,12.8,12.8,0
NBS,20100315,16.3,17,15.8,16.3,436300
NBTB,20100315,23.01,23.23,22.94,23.18,79500
NBTF,20100315,16,16,16,16,0
NCIT,20100315,29.28,29.65,28.59,29.17,100400
NCMI,20100315,17.5,17.65,17.17,17.51,181400
NCTY,20100315,7.19,7.45,7.19,7.3,17200
NDAQ,20100315,20.3,20.31,19.84,20.28,2897600
NDSN,20100315,34.825,35.09,34.535,34.76,161700
NECB,20100315,7.37,7.4,7.36,7.4,700
NEOG,20100315,16.6933,16.8533,16.5,16.6,52800
NEPT,20100315,2,2,1.98,1.98,3100
NEWP,20100315,11.63,12.01,11.57,11.98,171800
NEWS,20100315,6.31,6.43,6.28,6.35,72000
NEWT,20100315,1.32,1.35,1.28,1.3,64500
NFBK,20100315,14.62,14.75,14.42,14.65,11500
NFLX,20100315,69.98,69.98,69.16,69.6,1001800
NGPC,20100315,9.07,9.07,8.81,9,47600
NHTB,20100315,10.19,10.25,10.19,10.25,500
NICE,20100315,32.5,32.66,31.89,32.45,192400
NICK,20100315,7.61,7.75,7.61,7.69,5200
NIHD,20100315,39.79,40.84,39.57,40.26,1660700
NILE,20100315,55.27,55.27,54.15,55.17,107900
NKSH,20100315,28.38,28.94,27.76,27.76,7500
NKTR,20100315,15.4,15.5,15.07,15.4,689100
NLST,20100315,4.41,4.48,4.15,4.23,635600
NMRX,20100315,4.26,4.32,4.25,4.25,5000
NNBR,20100315,4.45,4.53,4.38,4.45,12900
NOVB,20100315,2.05,2.1,2.01,2.06,7600
NPBC,20100315,7.14,7.18,7.06,7.1,724600
NPSP,20100315,3.99,4.07,3.7,3.71,114300
NRIM,20100315,17.06,17.06,16.81,16.98,5300
NSEC,20100315,12.13,13.35,12.13,12.8,1300
NSIT,20100315,14.34,14.52,13.96,14.25,129100
NSPH,20100315,4.37,4.44,4.25,4.32,90700
NSSC,20100315,2.23,2.34,2.18,2.34,5800
NSYS,20100315,3.45,3.75,3.41,3.41,2900
NTAP,20100315,33.27,33.3,32.55,32.82,3756000
NTCT,20100315,15.43,15.62,15.42,15.53,200100
NTES,20100315,40.27,40.78,39.85,40.03,492100
NTGR,20100315,27.1,27.11,26.29,26.57,198900
NTIC,20100315,8.85,9.74,8.85,9.15,1200
NTLS,20100315,17.25,17.53,17.19,17.39,198300
NTRI,20100315,17.1,17.1,16.41,16.95,1811200
NTRS,20100315,54.08,54.39,53.79,54.26,1936200
NTWK,20100315,9.2,9.5,9.2,9.3,68400
NUAN,20100315,16.74,16.82,16.47,16.71,4703900
NUCL,20100315,40.32,40.34,40,40.02,8800
NURO,20100315,13.02,13.08,12.18,12.42,9800
NUTR,20100315,15.29,15.29,15.01,15.16,16100
NUVA,20100315,43.93,44.83,43.71,44.74,490300
NVAX,20100315,2.45,2.45,2.34,2.35,1632800
NVDA,20100315,17.23,17.4,17,17.16,8972700
NVEC,20100315,47.55,48.33,47.55,48.12,29600
NVGN,20100315,2,2,1.9,1.98,22500
NVMI,20100315,5.15,5.18,4.62,4.73,484900
NVSL,20100315,6.46,6.81,6.4,6.4,2900
NVTL,20100315,6.77,6.87,6.75,6.86,243500
NWBI,20100315,11.86,11.88,11.72,11.79,214200
NWFL,20100315,27,27.01,26.99,27,1600
NWLI,20100315,177.69,180,177.16,178.81,4000
NWPX,20100315,24.94,25.01,24.04,24.14,116400
NWS,20100315,16.52,16.64,16.27,16.4,2333000
NWSA,20100315,14.12,14.19,13.82,13.97,19898400
NXST,20100315,4.83,4.83,4.75,4.75,14300
NXTM,20100315,10.75,11,10.52,11,132100
NYMT,20100315,7.49,7.57,7.43,7.5,39500
NYMX,20100315,3.93,3.93,3.75,3.82,20500
NYNY,20100315,1.79,1.82,1.77,1.79,35400
OABC,20100315,11.56,11.6,11.49,11.53,35200
OBAF,20100315,10.45,10.47,10.45,10.47,1900
OBAS,20100315,6.3,6.45,6.3,6.3,3500
OBCI,20100315,1.34,1.44,1.28,1.4,12000
OCFC,20100315,11.37,11.59,11.13,11.31,43000
OCLR,20100315,11.7,12.75,11.7,12.75,1647000
OCLS,20100315,17.08,18.27,16.38,17.36,549100
ODFL,20100315,14.8355,14.9778,14.68,14.8889,236800
OFIX,20100315,35.39,35.45,35.12,35.24,44600
OFLX,20100315,10.71,10.98,10.63,10.8,12700
OGXI,20100315,21.65,22.71,21.52,22.01,229900
OIIM,20100315,6.53,6.6,6.33,6.52,176600
OKSB,20100315,8.23,8.5,8.2,8.46,66700
OLBK,20100315,7.16,7.16,7.1,7.12,42200
OMAB,20100315,14.87,15.1,14.58,14.58,13000
OMCL,20100315,14.8,14.9,14.78,14.9,127500
OMER,20100315,6.23,6.4,6.22,6.34,5200
OMEX,20100315,1.51,1.55,1.5,1.51,205000
ONCY,20100315,3.62,3.62,3.35,3.42,164800
ONEQ,20100315,93.48,93.48,92.62,93.24,9300
ONFC,20100315,9.23,9.23,9.23,9.23,0
ONNN,20100315,7.95,7.95,7.7,7.86,12047500
ONTY,20100315,4.82,4.92,4.77,4.81,121300
ONVI,20100315,7.9,8.01,7.05,8.01,40700
OPHC,20100315,4.64,4.64,4.64,4.64,100
OPLK,20100315,16.89,16.9,16.7,16.85,77300
OPOF,20100315,14.51,14.51,14.5,14.5,500
OPTT,20100315,6.85,6.93,6.52,6.62,69200
OPXA,20100315,8.12,8.2,7.92,7.96,93700
ORBC,20100315,2.35,2.45,2.31,2.35,124400
ORBK,20100315,9.6,9.63,9.44,9.53,21500
ORBT,20100315,3.66,3.7,3.65,3.66,5000
OREX,20100315,6.91,6.91,6.55,6.58,338600
ORIT,20100315,15.98,16.14,15.94,16.1,4500
ORLY,20100315,40.44,40.56,40.2,40.46,929800
ORRF,20100315,35.45,35.87,35.1,35.68,1200
OSBC,20100315,7,7.1,6.56,6.71,56300
OSBCP,20100315,7.5,7.5,7.48,7.5,1300
OSHC,20100315,11.2,11.2,11.09,11.1,15800
OSIR,20100315,7.75,7.8,7.57,7.65,72000
OSIS,20100315,30.64,30.8,30.14,30.23,126800
OSTK,20100315,14.45,14.55,14.01,14.44,115600
OSUR,20100315,5.37,5.47,5.25,5.41,186100
OTEX,20100315,24.695,24.755,24.5,24.64,198000
OTIV,20100315,2.37,2.37,2.16,2.26,106400
OTTR,20100315,22.2,22.2,22.01,22.1,112300
OVBC,20100315,24.2,24.67,24.2,24.67,900
OVLY,20100315,4.3,4.3,4.27,4.27,900
OVRL,20100315,10.55,10.55,10.55,10.55,0
OVTI,20100315,15.87,15.87,15.44,15.55,645700
OXBT,20100315,102,102,96.4,97,23700
OXGN,20100315,14.76,14.76,13.8,14.16,166200
OZRK,20100315,8.3025,8.4125,8.27,8.3425,87600
PAAS,20100315,22.68,22.95,22.5,22.9,725600
PACW,20100315,21.94,22,21.58,21.92,242000
PAGG,20100315,27.99,27.99,27.5,27.67,80800
PATK,20100315,2.95,3.14,2.81,2.85,23200
PATR,20100315,28,28.3133,28,28.2233,1500
PAYX,20100315,32.2,32.46,32.02,32.44,1971300
PBCT,20100315,15.76,15.76,15.41,15.54,5079900
PBHC,20100315,7.23,8,7.14,7.94,4100
PBIB,20100315,11.6,11.6,11.39,11.5,14700
PBIP,20100315,9.08,9.14,9,9.07,1900
PCAR,20100315,41.11,41.4,40.65,41.4,2590700
PCBK,20100315,10.33,10.42,10.22,10.41,29400
PCCC,20100315,6.88,6.88,6.64,6.66,21100
PCLN,20100315,239.34,240,234.36,238.86,443500
PCTI,20100315,6.15,6.31,6.12,6.16,16000
PCYC,20100315,5.41,5.65,5.4,5.65,178800
PCYO,20100315,2.5,2.7,2.43,2.7,5700
PDCO,20100315,30.4,30.57,29.65,30.41,855600
PDEX,20100315,0.52,0.53,0.49,0.52,87800
PDFS,20100315,4.4,4.79,4.37,4.68,31900
PDII,20100315,5.44,6,5.25,6,28400
PDLI,20100315,6.81,6.82,6.55,6.61,5158900
PEBK,20100315,5.2,5.2,5.2,5.2,0
PEBO,20100315,16.14,16.25,15.79,16.25,26400
PEGA,20100315,18.65,19.75,18.625,19.65,705000
PEIX,20100315,30.9,30.9,28.5,28.95,1341900
PENN,20100315,24.73,24.96,24.47,24.68,648900
PENX,20100315,11.06,11.31,10.86,10.94,16800
PERF,20100315,7.84,8.13,7.73,7.98,1800
PERY,20100315,21.65,22.09,20.52,21.96,152300
PESI,20100315,11.7,11.8,11.1,11.8,241700
PETM,20100315,30.89,31.02,30.69,30.92,1234800
PETS,20100315,20.97,22.47,20.61,22.36,725600
PFBC,20100315,1.39,1.45,1.39,1.41,43400
PFBI,20100315,8.15,8.3,8.15,8.23,9100
PFBX,20100315,15.66,15.66,15.38,15.49,400
PFIN,20100315,2.65,2.65,2.65,2.65,0
PFSW,20100315,2.99,3.08,2.94,2.99,199500
PGC,20100315,13.55,14.15,13.24,14.04,17100
PGNX,20100315,5.28,5.49,5.22,5.29,124000
PGTI,20100315,1.7,1.84,1.67,1.75,20600
PHII,20100315,21.94,21.94,21.94,21.94,0
PHIIK,20100315,21.79,21.79,20.39,20.68,10400
PHMD,20100315,12.59,12.59,10.9,12,11900
PICO,20100315,35.75,35.75,35.21,35.61,27800
PKBK,20100315,9.27,9.27,8.79,8.79,300
PKOH,20100315,9.82,9.89,9.59,9.75,36500
PLAB,20100315,4.71,4.82,4.59,4.65,317100
PLBC,20100315,3.55,3.55,3.12,3.12,1600
PLCE,20100315,42.28,42.81,41.87,42.72,440400
PLCM,20100315,14.645,15.045,14.645,15.005,2877500
PLNR,20100315,2.71,2.87,2.61,2.75,21400
PLPC,20100315,37.51,37.62,37.33,37.56,900
PLTM,20100315,30.31,30.31,29.76,29.76,500
PLUG,20100315,0.63,0.65,0.57,0.58,1185100
PLUS,20100315,16.72,17,16.72,17,8600
PLXS,20100315,37.03,37.45,36.55,36.89,103000
PLXT,20100315,5.95,6.06,5.76,5.85,295600
PMBC,20100315,2.87,2.91,2.86,2.89,7800
PMCS,20100315,8.83,8.87,8.68,8.77,3709000
PMD,20100315,7.6,7.95,7.6,7.6,14600
PMFG,20100315,13.59,14.26,13.59,13.99,20300
PNBK,20100315,1.66,1.7,1.6,1.6,1500
PNFP,20100315,16.18,16.27,15.92,15.99,374100
PNNT,20100315,10.73,10.77,10.55,10.67,343500
PNQI,20100315,27.44,27.44,27.25,27.28,10100
PNRA,20100315,79.23,79.25,77.86,78.03,298700
PNRG,20100315,25.71,25.83,25.65,25.83,500
PNTR,20100315,7.2,7.2,7.2,7.2,500
PODD,20100315,15.71,15.96,15.6,15.76,308000
POOL,20100315,21.94,22.21,21.93,22.14,231300
POPE,20100315,25.43,26.45,25.43,26.26,6700
POWI,20100315,39.89,40.19,39.59,40.19,474900
POWL,20100315,32.55,32.56,31.99,32.42,109600
POZN,20100315,6.73,6.73,6.47,6.5,101400
PPBI,20100315,4.64,4.76,4.64,4.75,9600
PPHM,20100315,3.5,3.5,3.36,3.4,178600
PRAA,20100315,18.8167,18.92,18.5967,18.6767,104000
PRAN,20100315,1.4,1.4,1.29,1.3,20100
PRCP,20100315,4.33,4.5,4.32,4.39,1900
PRFT,20100315,11.55,11.55,11.19,11.36,210400
PRFZ,20100315,56.64,56.64,55.85,56.32,39900
PRGN,20100315,4.87,4.9,4.76,4.78,376200
PRGS,20100315,21.0333,21.3067,20.8267,21.18,232900
PRGX,20100315,5.7,5.73,5.6,5.64,82300
PRIM,20100315,8.36,8.5,8.2,8.33,15200
PRKR,20100315,2.32,2.32,2.1,2.12,150400
PRLS,20100315,2.68,2.78,2.65,2.74,41600
PROV,20100315,3.69,3.82,3.51,3.6,38700
PRSC,20100315,14.22,14.25,14.01,14.1,85700
PRTS,20100315,7.31,7.65,7.2,7.62,55800
PRXI,20100315,1.36,1.39,1.33,1.39,35400
PRXL,20100315,22.92,23.08,22.72,22.89,544100
PSAU,20100315,37.79,37.79,37.04,37.61,3100
PSBH,20100315,3.82,3.82,3.82,3.82,0
PSDV,20100315,4.05,4.05,3.85,3.99,25400
PSEC,20100315,12.57,12.57,12.3,12.41,502500
PSEM,20100315,9.71,9.74,9.5,9.68,29200
PSMT,20100315,23.27,23.27,22.8,22.84,67500
PSTI,20100315,1.11,1.13,1.11,1.11,21300
PSTR,20100315,12,12,11.5,11.58,15700
PSUN,20100315,4.86,5.1,4.47,5.01,3757400
PTEK,20100315,0.52,0.52,0.47,0.49,11600
PTEN,20100315,14.97,15.06,14.52,14.74,6480600
PTIE,20100315,6.2,6.24,6.08,6.17,55600
PTNR,20100315,22.44,22.6,22.33,22.46,172300
PTRY,20100315,13.37,13.43,12.85,12.89,400600
PTSI,20100315,15.37,15.37,14.15,14.93,6700
PTSX,20100315,1.35,1.4,1.23,1.4,1300
PULB,20100315,6.74,6.8,6.62,6.8,1700
PVTB,20100315,14.25,14.5,14.05,14.42,529100
PVTBP,20100315,25.15,25.15,24.93,25.1,3800
PWOD,20100315,32.73,32.98,32.73,32.98,3200
PWRD,20100315,39.9,39.9,38.62,39.46,311300
PWX,20100315,11.55,11.55,11.55,11.55,200
PXLW,20100315,4.53,5,4.53,4.91,424200
PZZA,20100315,12.74,12.845,12.575,12.735,274600
PZZI,20100315,1.85,1.95,1.81,1.91,15600
QABA,20100315,25.5,25.5,24.61,24.85,8900
QBAK,20100315,1.97,1.97,1.9,1.94,3300
QCCO,20100315,5.32,5.4,5.08,5.08,33300
QCLN,20100315,15.42,15.42,15.03,15.11,13400
QCOM,20100315,39,39.06,38.66,38.87,17334700
QCOR,20100315,6.85,6.9,6.55,6.75,613500
QCRH,20100315,8.81,8.97,8.75,8.85,4400
QDEL,20100315,13.74,13.76,13.52,13.53,104600
QGEN,20100315,22.46,22.67,22.39,22.58,976600
QKLS,20100315,159.36,167.28,157.2,159.6,66800
QLGC,20100315,19.9,19.95,19.76,19.93,1898200
QLTI,20100315,4.9,4.99,4.86,4.98,176100
QLTY,20100315,5.99,6,5.74,5.81,204000
QNST,20100315,15.29,15.3,14.59,14.96,94000
QQEW,20100315,20.71,20.74,20.57,20.71,58700
QQQ,20100315,47.26,47.38,46.91,47.24,60150400
QQQX,20100315,14.34,14.37,14.2,14.34,92100
QQXT,20100315,18.84,18.92,18.81,18.92,3500
QSII,20100315,29.12,29.405,28.795,29.045,247200
QTEC,20100315,21.5,21.59,21.38,21.56,105100
QTWW,20100315,3,3,2.84,2.88,1331100
QUIK,20100315,2.72,2.72,2.63,2.68,57500
RADA,20100315,2.72,2.8,2.64,2.75,16200
RAIL,20100315,24.96,25.28,24.78,25.19,55000
RAND,20100315,3.45,3.45,3.45,3.45,0
RAVN,20100315,14.995,15.22,14.41,14.51,48600
RBCAA,20100315,17.55,17.61,17.3,17.41,25100
RBCN,20100315,19.83,19.97,19.42,19.63,342300
RBPAA,20100315,2.52,2.52,2.44,2.44,5300
RCII,20100315,22.98,23.08,22.77,23.05,1014000
RCKY,20100315,9.11,9.24,9.11,9.14,3100
RCMT,20100315,3.4,3.4,3.2,3.2,9600
RCON,20100315,6.81,6.89,6.41,6.49,31800
RDCM,20100315,2.02,2.07,2,2.07,3300
RDEN,20100315,18.99,19.12,18.37,18.75,165400
RDI,20100315,4.43,4.54,4.42,4.5,19600
RDIB,20100315,8.55,8.55,8.55,8.55,0
RDNT,20100315,2.81,3.1,2.25,3,1082700
RDWR,20100315,9.385,9.45,9.25,9.43,70700
RECN,20100315,17.44,17.71,16.82,16.89,2166800
REDF,20100315,2.5,2.55,2.35,2.39,52400
REFR,20100315,3,3.29,2.95,3.01,8900
REGN,20100315,24.58,24.94,24.45,24.78,388800
REIS,20100315,5.68,5.9,5.52,5.84,8200
RELL,20100315,7.78,7.79,7.65,7.77,47100
RELV,20100315,2.98,3.08,2.98,2.99,3700
RENT,20100315,18.38,20.2,18.38,20.16,65700
REXI,20100315,5.17,5.24,4.9,5.13,25200
REXX,20100315,14.13,14.13,13.37,13.82,492400
RFIL,20100315,2.415,2.44,2.35,2.44,2300
RFMD,20100315,4.9,4.9,4.8,4.86,5321300
RGCO,20100315,15.575,15.575,15.535,15.535,300
RGDX,20100315,1.61,1.62,1.45,1.48,12800
RGEN,20100315,3.73,3.78,3.6,3.64,60600
RGLD,20100315,45.57,45.95,44.97,45.75,341600
RICK,20100315,14.1,14.24,13.76,13.97,155600
RIGL,20100315,7.93,8.06,7.74,8,606300
RITT,20100315,2.24,2.25,2.06,2.06,2500
RIVR,20100315,13,13.05,12.99,13.05,1400
RJET,20100315,5.6,5.61,5.38,5.44,448000
RLOG,20100315,4.78,4.85,4.72,4.75,9800
RMBS,20100315,22.3,22.37,21.9,22.09,946300
RMCF,20100315,8.96,9.2,8.95,9.16,16300
RMTI,20100315,6.07,6.11,5.98,6.04,28600
RNST,20100315,16.43,16.43,15.89,16.15,56600
RNWK,20100315,5.26,5.27,5.14,5.21,296100
ROCK,20100315,13.27,13.46,12.94,12.98,171100
ROIA,20100315,3.4,3.41,3.4,3.4,2600
ROIAK,20100315,3.14,3.22,3.14,3.17,48100
ROIC,20100315,10.24,10.3,10.2,10.21,209600
ROICW,20100315,0.99,0.99,0.98,0.99,33200
ROLL,20100315,27.48,28.11,27.42,27.82,61900
ROSE,20100315,24.58,24.59,23.2,23.72,456200
ROSG,20100315,29.85,32.25,29.85,30.75,121700
ROST,20100315,26.465,26.86,26.295,26.775,2154200
ROVI,20100315,37.94,38.15,37.5,37.83,1208900
ROYL,20100315,2.26,2.27,2.21,2.21,81200
RPRX,20100315,0.79,0.79,0.77,0.78,185600
RPTP,20100315,2,2.12,1.96,2.05,65100
RRD,20100315,20.29,20.62,20.17,20.6,1873900
RRGB,20100315,24.94,25,24.5,24.97,263300
RRST,20100315,10.96,11.22,10.96,11.08,23300
RSTI,20100315,22.99,22.99,22.36,22.69,113700
RSYS,20100315,8.89,9.01,8.43,8.78,67200
RTIX,20100315,4.26,4.39,4.22,4.38,168300
RUSHA,20100315,12.4,12.57,12.21,12.5,64000
RUSHB,20100315,10.89,11.1,10.89,11.1,200
RUTH,20100315,4.48,4.48,4.18,4.27,403600
RVBD,20100315,13.535,14.255,13.525,13.995,1866500
RVSB,20100315,2.36,2.42,2.36,2.38,35500
RXII,20100315,6,6.63,5.64,6.59,350300
RYAAY,20100315,26.82,27.01,26.37,26.68,293300
SAAS,20100315,3.1,3.16,3.03,3.06,140600
SAFM,20100315,51,52.32,50.75,51.59,260200
SAFT,20100315,37.53,37.8,37.11,37.26,28800
SAIA,20100315,9.2933,9.3333,9.0667,9.32,55600
SALM,20100315,5.63,5.63,4.9,4.91,28500
SANM,20100315,17.5,17.66,17.04,17.29,377400
SAPE,20100315,9.34,9.38,9.26,9.3,730500
SASR,20100315,14.82,14.91,14.61,14.88,16600
SATS,20100315,20.01,20.09,19.89,20.02,121600
SBAC,20100315,36.22,36.36,35.28,35.61,2188300
SBBX,20100315,5.45,5.5,5.42,5.49,800
SBCF,20100315,8.5,8.55,8.35,8.45,124000
SBGI,20100315,5.72,5.72,5.49,5.5,464900
SBLK,20100315,42.45,43.05,41.4,41.55,281900
SBNY,20100315,38.75,38.75,38.47,38.63,220100
SBNYW,20100315,18.6,18.6,18.6,18.6,2100
SBSA,20100315,0.88,0.91,0.85,0.91,105500
SBSI,20100315,20.7048,20.8571,19.9619,20.3048,28300
SBUX,20100315,24.3,24.5,24.24,24.42,5920800
SCHL,20100315,29.02,30.04,28.71,29.84,361400
SCHN,20100315,49.66,49.75,48.03,48.56,382500
SCLN,20100315,3.8,3.88,3.77,3.86,306900
SCMP,20100315,3.61,3.66,3.51,3.58,65400
SCOK,20100315,32.4,36.5,30.52,35.85,123500
SCON,20100315,37.32,38.52,37.2,38.04,16300
SCOR,20100315,15.97,16.05,15.67,15.9,38900
SCSC,20100315,29.11,29.4,28.72,29.12,71900
SCSS,20100315,8.09,8.09,7,7.68,1227100
SCVL,20100315,14.2067,14.3467,14.0267,14.2733,32300
SEAC,20100315,7.3,7.31,7.06,7.15,145200
SEED,20100315,11.07,11.22,10.66,10.88,1049500
SEIC,20100315,20.11,20.23,19.76,19.95,1084400
SENEA,20100315,28.19,28.2,27.54,27.73,11800
SENEB,20100315,28.75,28.75,27.99,27.99,600
SFLY,20100315,22,22.66,21.99,22.6,225100
SFNC,20100315,26.92,27.3,26.78,27.25,34200
SFST,20100315,7.56,7.56,7.55,7.55,3100
SGC,20100315,9.9,9.9,9.71,9.76,1200
SGEN,20100315,11.79,12.36,11.79,12.25,722600
SGI,20100315,12.13,12.17,11.57,11.71,890200
SGMA,20100315,6.04,6.05,5.91,5.92,5500
SGMO,20100315,5.95,5.98,5.81,5.85,90200
SGMS,20100315,14.66,14.66,14.43,14.55,1029200
SGRP,20100315,1.05,1.05,0.82,0.94,2700
SHBI,20100315,13.32,13.32,12.64,12.83,14600
SHEN,20100315,18.77,18.92,18.47,18.69,33400
SHIP,20100315,1.18,1.19,1.16,1.19,381400
SHLD,20100315,102.98,104.2,102.27,104.06,850200
SHLM,20100315,26.17,26.39,25.97,26.32,169000
SHLO,20100315,5.58,5.58,5.24,5.33,2100
SHOO,20100315,13.437,13.5052,12.9333,13.1555,280500
SHOR,20100315,6.42,6.44,6.32,6.42,37100
SIAL,20100315,53.66,54,53.17,53.93,782300
SIEB,20100315,2.29,2.31,2.25,2.27,2900
SIFI,20100315,7,7,7,7,2700
SIFY,20100315,1.71,1.74,1.68,1.7,59400
SIGA,20100315,7.45,7.47,7.12,7.33,218800
SIGI,20100315,16.49,16.57,16.38,16.54,62700
SIGM,20100315,12.14,12.3,12.03,12.08,311600
SILC,20100315,11.45,11.45,10.92,11.15,21200
SIMG,20100315,2.7,2.75,2.65,2.72,270000
SIMO,20100315,3.67,3.85,3.67,3.84,543400
SINA,20100315,41.24,41.62,40.26,40.58,1031300
SINO,20100315,3.6,4.47,3.55,4.3,240200
SIRI,20100315,0.92,0.95,0.89,0.92,149628100
SIRO,20100315,37.85,37.94,36.94,37.45,713900
SIVB,20100315,46.06,46.41,45.79,46.2,352700
SIVBO,20100315,23.5,23.5,23.5,23.5,700
SKBI,20100315,10.04,10.05,9.77,9.85,25200
SKYW,20100315,14.75,14.75,14.39,14.63,395300
SLAB,20100315,46.01,46.17,45.6,45.97,605100
SLGN,20100315,29.22,29.275,29.035,29.26,73100
SLMAP,20100315,39.17,39.17,39.17,39.17,200
SLP,20100315,1.79,1.82,1.75,1.77,11600
SLRC,20100315,19.22,19.43,18.95,19.43,80700
SLXP,20100315,31.96,31.96,30.63,30.82,941000
SMBC,20100315,14.2,14.48,14.2,14.4,2100
SMCI,20100315,16.4,16.5,15.92,16.06,103000
SMED,20100315,6.8,6.81,6.71,6.77,77700
SMIT,20100315,3.5,3.5,3.5,3.5,0
SMMF,20100315,3.9,3.9,3.85,3.85,2100
SMRT,20100315,9.08,9.25,9.04,9.05,121100
SMSI,20100315,8.74,8.81,8.7,8.71,139000
SMTC,20100315,17.75,17.81,17.5,17.6,523800
SMTX,20100315,2.3,2.6,2.24,2.5,1264300
SNAK,20100315,2.71,2.75,2.65,2.75,48700
SNBC,20100315,18.55,18.8,18.3,18.8,50200
SNCR,20100315,20.01,20.1,19.5,20.04,213400
SNDK,20100315,33.45,33.79,33,33.51,5483900
SNFCA,20100315,3.26,3.3,3.26,3.3,400
SNHY,20100315,18.7733,18.7733,18.3067,18.64,26000
SNMX,20100315,2.79,2.84,2.75,2.79,25900
SNPS,20100315,22.66,22.75,22.45,22.65,742900
SNSS,20100315,0.85,0.88,0.81,0.82,974500
SNTA,20100315,4.58,4.67,4.56,4.64,166500
SOCB,20100315,3.32,3.92,3.28,3.59,1100
SOFO,20100315,7.38,7.4,7.16,7.29,4000
SOHU,20100315,54.41,55.97,53.52,54.17,1088300
SONA,20100315,7.54,7.81,7.46,7.55,8500
SONC,20100315,10.35,10.5,10.12,10.49,1024700
SONS,20100315,2.4,2.48,2.35,2.45,1325300
SORL,20100315,9.25,9.25,8.59,8.59,184600
SPAN,20100315,17.68,17.7,17.5,17.7,5500
SPAR,20100315,6.02,6.17,5.95,5.98,164600
SPCHA,20100315,2.65,2.65,2.5,2.65,3300
SPCHB,20100315,3.28,3.3,2.79,2.94,17500
SPEX,20100315,37.6,39.2,34,34.6,180100
SPIL,20100315,6.01,6.01,5.88,5.95,1696400
SPLS,20100315,23.41,23.47,23.11,23.41,6952100
SPNC,20100315,7.29,7.3,7.15,7.28,39600
SPNS,20100315,2.11,2.2,2.05,2.09,21100
SPPI,20100315,5.05,5.12,5.04,5.12,474700
SPPR,20100315,14.32,14.4,14,14.08,16100
SPPRO,20100315,23.97,23.97,23.97,23.97,200
SPPRP,20100315,8.14,8.14,8.14,8.14,0
SPRO,20100315,3.08,3.11,3.08,3.1,9600
SPRT,20100315,3.29,3.29,3.2,3.25,48900
SPTN,20100315,14.26,14.28,14.02,14.26,52500
SQNM,20100315,7.68,7.8,7.5,7.76,6339600
SQQQ,20100315,963.84,982.24,956.48,963.04,55400
SRCE,20100315,16.62,16.8,16.5,16.66,8900
SRCL,20100315,54.59,55.04,54.16,54.93,373600
SRDX,20100315,22.24,22.41,21.86,22.11,82900
SSBI,20100315,6.32,6.62,6.32,6.33,4800
SSFN,20100315,8.6,8.6,8.6,8.6,100
SSRI,20100315,17.18,17.27,16.94,17.05,690700
SSYS,20100315,28.55,28.65,27.73,27.88,152500
STAA,20100315,3.59,3.72,3.56,3.68,223200
STBA,20100315,19.36,19.49,19.07,19.48,49400
STEM,20100315,1.19,1.2,1.18,1.19,605200
STFC,20100315,18.06,18.33,17.88,18.25,22400
STKL,20100315,3.95,4.01,3.83,3.96,206100
STLD,20100315,17.83,17.89,17.56,17.81,3152700
STLY,20100315,10.33,10.33,10,10.22,15100
STMP,20100315,10.31,10.31,10,10.29,44300
STNR,20100315,43.47,45.38,43.32,45.09,115700
STRA,20100315,245.58,246.46,241.45,243.99,76200
STRL,20100315,18.44,19.34,17.22,17.64,986000
STRM,20100315,2,2,1.98,2,3700
STRN,20100315,7.38,7.38,7.18,7.3,1100
STRS,20100315,9.69,9.7,9.45,9.63,3200
STRT,20100315,21.26,21.26,19.85,20.2,700
STX,20100315,19.14,19.16,18.58,18.78,11815400
STXS,20100315,55.1,55.1,53.3,54,259400
SUBK,20100315,31.61,32.09,31.4,31.94,5400
SUMR,20100315,6.89,6.99,6.27,6.4,74200
SURG,20100315,1.28,1.3,1.27,1.27,19800
SUSQ,20100315,8.3,8.43,8.22,8.4,1426300
SUTR,20100315,2.85,2.89,2.82,2.86,173600
SVA,20100315,6.78,6.83,6.69,6.7,384800
SVBI,20100315,4.05,4.16,4.05,4.12,1300
SWHC,20100315,4.17,4.19,3.97,4.01,3747400
SWIR,20100315,8.26,8.26,8.07,8.09,366900
SWKS,20100315,15.36,15.41,15.15,15.36,4263500
SYBT,20100315,23.02,23.42,22.66,23.11,20800
SYKE,20100315,23.77,23.89,23.58,23.7,261600
SYMC,20100315,17.48,17.5,17.2,17.38,6733600
SYMX,20100315,0.97,1,0.97,0.99,29600
SYNA,20100315,27.33,27.74,27.27,27.58,359100
SYNL,20100315,8.25,8.25,8.11,8.12,3200
SYNT,20100315,37.09,37.29,36.85,37.2,82800
SYPR,20100315,3.11,3.22,3.08,3.2,12400
SYUT,20100315,19.85,20.05,19.2,19.62,48700
TACT,20100315,7.25,7.43,7.08,7.43,32400
TAIT,20100315,1.55,1.55,1.55,1.55,700
TASR,20100315,6.96,7.09,6.86,6.89,885700
TAST,20100315,6.24,6.31,6.12,6.14,49400
TATT,20100315,9.91,9.91,9.2,9.72,45600
TAXI,20100315,8.02,8.05,7.91,8.03,26700
TAYC,20100315,11.37,11.39,11.26,11.33,7200
TAYCP,20100315,23.5,23.5,23.04,23.45,6200
TAYD,20100315,5.95,6.12,5.86,6.12,20400
TBBK,20100315,8.14,8.29,8,8.28,46200
TBNK,20100315,20.29,20.76,19.98,20.55,16500
TCBI,20100315,18.18,18.37,18.06,18.33,158600
TCBK,20100315,18.81,18.85,18.53,18.67,23900
TCX,20100315,3.56,3.6,3.32,3.56,163300
TEAR,20100315,3.97,3.97,3.1,3.14,518100
TECD,20100315,43.09,44,43.07,43.91,617700
TECH,20100315,65.46,66.35,65.46,65.77,82200
TESO,20100315,13.07,13.13,12.6,12.93,71500
TESS,20100315,14.3267,14.58,14.26,14.58,16800
TFSL,20100315,13.18,13.19,13.03,13.17,346200
TGA,20100315,4.4,4.66,4.29,4.51,354900
TGE,20100315,4.24,4.24,4.1,4.21,64700
THFF,20100315,28.01,28.16,27.74,27.96,18300
THLD,20100315,1.73,2.19,1.73,1.88,153400
THOR,20100315,32.78,33.25,32.31,33.16,782700
THRD,20100315,18.78,18.78,18.78,18.78,0
THRX,20100315,12.61,12.74,12.44,12.69,124300
TIBX,20100315,10.82,10.87,10.61,10.73,2711600
TICC,20100315,6.96,7,6.81,6.96,142400
TIGR,20100315,3.21,3.4,3.21,3.27,1200
TINY,20100315,5.12,5.2,5.07,5.17,81700
TISA,20100315,1.07,1.09,1.06,1.09,9400
TITN,20100315,13,13.06,12.87,12.95,46200
TIVO,20100315,16.52,17.01,16.39,16.52,3977800
TNDM,20100315,17.54,17.79,17.43,17.74,439300
TOPS,20100315,7.91,7.98,7.84,7.98,32200
TOWN,20100315,13.78,14,13.5,13.96,41100
TQNT,20100315,6.99,7,6.73,6.87,3197700
TQQQ,20100315,13.0925,13.1813,12.8125,13.0913,110300
TRAK,20100315,17.84,18.21,17.77,18.16,588600
TREE,20100315,8.7,8.83,8.69,8.83,27900
TRGT,20100315,19.15,19.15,18.91,19.06,66300
TRIB,20100315,5.48,5.56,5.31,5.33,77500
TRMB,20100315,13.48,13.585,13.395,13.555,515200
TRMK,20100315,24.37,24.5,24.23,24.47,414600
TRNS,20100315,6.59,7.1,6.59,7.1,500
TROW,20100315,53.12,53.53,52.74,53.45,1265100
TRS,20100315,7.06,7.2,6.95,7.04,24600
TRST,20100315,6.18,6.25,6.16,6.24,129100
TRUE,20100315,3.19,3.55,2.96,3.36,15400
TSBK,20100315,3.9,3.99,3.87,3.87,1800
TSCO,20100315,14.5125,14.5725,14.3625,14.5075,183100
TSEM,20100315,24.75,24.75,24,24,1253400
TSPT,20100315,7.93,8,7.84,7.88,3500
TSRA,20100315,20.2,20.54,19.83,20.13,356400
TSRI,20100315,2.23,2.35,2.23,2.35,13700
TSYS,20100315,7.58,7.67,7.5,7.65,849700
TTEC,20100315,17.7,17.92,17,17.41,377600
TTEK,20100315,20.9,21,20.66,20.81,340200
TTGT,20100315,5.25,5.34,5.22,5.26,89500
TTHI,20100315,2.63,2.69,2.54,2.54,70000
TTMI,20100315,9.49,9.49,9.11,9.11,213200
TTWO,20100315,9.96,10.13,9.85,10.12,1304300
TUES,20100315,6.79,6.81,6.45,6.73,259500
TWER,20100315,1.68,1.68,1.65,1.68,18600
TWGP,20100315,22.05,22.09,21.79,21.87,221200
TWIN,20100315,12.45,12.5,12.06,12.15,30700
TWMC,20100315,1.65,1.69,1.52,1.57,47600
TWTC,20100315,18.03,18.08,17.75,18.02,593600
TXN,20100315,23.91,23.99,23.7,23.94,9053300
TXRH,20100315,14.1,14.16,13.73,13.92,1030800
TYPE,20100315,9.49,9.57,9.37,9.5,149000
TZOO,20100315,14.66,14.88,14.21,14.54,100400
UACL,20100315,18.63,18.98,18.53,18.6,33500
UBCP,20100315,8.44,8.45,8.41,8.45,900
UBFO,20100315,5.06,5.17,4.8,4.8,12000
UBNK,20100315,15.01,15.13,14.41,14.76,10300
UBOH,20100315,9.2,9.5,9.2,9.49,4400
UBSH,20100315,13.28,13.41,13.15,13.38,24000
UBSI,20100315,27.05,27.05,26.5,26.83,129700
UCBA,20100315,6.41,6.51,6.41,6.5,1100
UCBI,20100315,4.81,4.84,4.64,4.81,772300
UCFC,20100315,1.48,1.5,1.43,1.45,29500
UCTT,20100315,9.25,9.25,8.81,8.84,130200
UEIC,20100315,22.21,22.89,22.2,22.83,37600
UEPS,20100315,18.82,18.93,18.36,18.46,180100
UFCS,20100315,18.02,18.02,17.53,17.78,34200
UFPI,20100315,37.95,39.4,37.95,39.26,211300
UFPT,20100315,10.83,11.29,10.63,11.24,163100
UG,20100315,12.19,12.25,11.71,12.25,10600
UHAL,20100315,54,54.47,53.4,54.45,30600
ULBI,20100315,4.35,4.38,4.25,4.36,23900
ULTA,20100315,22.52,23.06,21.17,22.11,1143100
ULTI,20100315,33.81,34.22,33.76,34.11,317500
ULTR,20100315,6.09,6.11,5.98,6.03,97400
UMBF,20100315,40.42,40.49,39.76,39.93,146700
UMPQ,20100315,13,13.05,12.75,13.02,512700
UNAM,20100315,9.55,9.58,9.5,9.58,2300
UNB,20100315,18.5,18.5,18.5,18.5,0
UNFI,20100315,28.93,28.95,28.28,28.39,229200
UNIS,20100315,6.58,6.9,6.37,6.79,97200
UNTD,20100315,7.4,7.43,7.3,7.37,677800
UNTY,20100315,4.8,4.8,4.8,4.8,0
URBN,20100315,36.51,36.75,35.99,36.75,2165400
URRE,20100315,7.6,7.9,7.5,7.6,211700
USAK,20100315,15.6,15.6,15.28,15.41,5100
USAP,20100315,20.85,20.94,20.24,20.83,16000
USAT,20100315,1.55,1.55,1.52,1.53,10400
USATP,20100315,9.01,9.01,9.01,9.01,0
USBI,20100315,16.05,16.05,14.77,14.78,9200
USEG,20100315,6.16,6.18,5.96,6.05,340000
USLM,20100315,39.14,39.14,38.31,38.69,9000
USTR,20100315,29.175,29.5,29.01,29.46,147000
UTEK,20100315,13.44,13.51,13.28,13.47,72300
UTHR,20100315,58.36,58.53,55.9,57.15,1171800
UTIW,20100315,16.54,16.68,16.38,16.58,336700
UTMD,20100315,28.65,28.67,28.17,28.4,3200
UTSI,20100315,6.54,6.6,6.48,6.57,238400
UVSP,20100315,19.51,19.63,19.35,19.46,7100
VALU,20100315,24.5,25,24.03,24.26,1900
VASC,20100315,9.25,9.36,9.13,9.29,19900
VBFC,20100315,65.12,65.12,60.64,61.6,1400
VCIT,20100315,76.54,76.64,76.4,76.58,32500
VCLT,20100315,75.09,75.09,74.86,74.93,1800
VCSH,20100315,76.08,76.19,76.05,76.18,53800
VDSI,20100315,8.71,8.71,8.59,8.61,83100
VECO,20100315,39.58,40.19,38.44,39.12,1429600
VGIT,20100315,59.66,59.66,59.6,59.6,2200
VGLT,20100315,57.75,57.75,57.75,57.75,100
VGSH,20100315,60.01,60.1,60.01,60.07,6100
VIA,20100315,33.18,33.29,32.69,32.99,49700
VIAB,20100315,31.46,31.46,30.71,31,4009600
VIAS,20100315,21.81,22,21.81,21.92,19700
VICL,20100315,3.92,3.97,3.81,3.95,284800
VICR,20100315,11.77,11.88,11.5,11.65,122700
VIDE,20100315,4.84,4.84,4.84,4.84,1100
VIMC,20100315,4.29,4.4,4.18,4.3,38200
VIRC,20100315,3.85,3.92,3.58,3.73,26800
VISN,20100315,95.8,102.6,94.6,102.6,2500400
VITC,20100315,11.65,12.45,11.54,12.2,336300
VIVO,20100315,23.49,23.91,23.49,23.88,200400
VLCCF,20100315,17.08,17.26,16.96,17.17,126600
VLGEA,20100315,26.48,26.56,26.03,26.11,22000
VLYWW,20100315,2.7,2.7,2.7,2.7,200
VMBS,20100315,50.28,50.3,50.28,50.3,2300
VNDA,20100315,12,12.5,11.75,12.38,1495500
VOD,20100315,22.88,22.9,22.71,22.89,4129300
VOLC,20100315,23.94,24.12,23.74,24,370400
VOXX,20100315,8.05,8.26,8.03,8.12,30300
VPFG,20100315,16.01,16.1,16.01,16.06,13900
VPRT,20100315,60.52,60.55,59.63,60,442100
VRSK,20100315,28.07,28.19,27.89,28.1,463300
VRSN,20100315,26.7,26.98,26.46,26.86,4077700
VRTA,20100315,1.1,1.14,1.1,1.14,7800
VRTB,20100315,8.28,8.4,8.08,8.08,23400
VRTS,20100315,19.56,20.23,19.56,19.71,9700
VRTU,20100315,9.97,9.97,9.66,9.86,22500
VRTX,20100315,43.39,43.73,42.75,43.24,1428500
VSAT,20100315,33.5,33.5,32.93,33.02,242000
VSCI,20100315,0.98,1.01,0.98,0.98,14000
VSCP,20100315,11.5,11.9,11.5,11.6,18300
VSEC,20100315,45.28,45.28,44.8,45.04,20500
VVTV,20100315,4.02,4.02,3.84,3.97,206800
VVUS,20100315,9.22,9.29,9.02,9.11,1154400
VYFC,20100315,4.85,4.85,4.85,4.85,500
WABC,20100315,56.84,57.32,56.41,56.72,167300
WAFD,20100315,20.06,20.2,19.81,20.04,603600
WASH,20100315,18.56,18.97,18.3,18.69,36600
WAVX,20100315,14.08,14.48,13.4,13.48,859000
WAYN,20100315,7.52,8.7,7.49,8.7,8100
WBMD,20100315,45.62,45.63,45.36,45.63,319600
WDC,20100315,38.44,38.63,37.67,38.25,4216200
WDFC,20100315,32.75,33.12,32.69,33.07,26800
WERN,20100315,22.9,23.09,22.79,22.93,522300
WEYS,20100315,23.91,23.91,23.48,23.5,8300
WFD,20100315,8.78,8.8,8.7,8.78,101300
WFM,20100315,18.03,18.25,17.985,18.185,1550700
WIBC,20100315,9.6,9.6,9.52,9.6,37100
WILC,20100315,6.08,6.13,6.05,6.05,327700
WIN,20100315,10.97,11.14,10.89,11.12,6010700
WINA,20100315,21.54,21.64,21.5,21.64,600
WIRE,20100315,21.26,21.6,21.19,21.55,58800
WLDN,20100315,2.22,2.37,2.18,2.37,2500
WLFC,20100315,16.54,16.54,15.79,15.88,15000
WMAR,20100315,10.93,11.04,10.72,10.98,37400
WMGI,20100315,16.3,16.45,15.95,16.05,770100
WOOD,20100315,40.6,40.79,40.38,40.78,7000
WOOF,20100315,26.07,26.4,26.03,26.39,383400
WPCS,20100315,25.97,26.6,25.97,26.6,76800
WPPGY,20100315,49.82,49.97,49.09,49.38,54400
WPRT,20100315,16.32,17.11,15.74,17.06,558300
WRES,20100315,2.59,2.59,2.38,2.5,227700
WRLD,20100315,43.77,44.1,41.93,42.09,294000
WSBC,20100315,16.05,16.12,15.92,15.97,44100
WSBF,20100315,3,3,2.75,2.87,13400
WSCI,20100315,2.36,2.37,2.3,2.31,700
WSFS,20100315,36.81,37.4,36.81,37.21,14800
WSTG,20100315,8.54,8.66,8.54,8.56,1500
WSTL,20100315,1.47,1.47,1.44,1.46,119400
WTBA,20100315,5.87,5.93,5.76,5.86,29300
WTFC,20100315,35.02,35.73,34.66,35.68,326400
WVFC,20100315,14.01,14.01,14.01,14.01,0
WVVI,20100315,3.64,3.64,3.51,3.53,1200
WWWW,20100315,5.16,5.26,4.91,4.95,91800
WYNN,20100315,70.42,71.19,69.29,70.47,2046900
XBKS,20100315,5.25,5.25,4.22,4.75,6500
XLNX,20100315,26.55,26.6,26.2,26.35,5340800
XNPT,20100315,8.42,9.48,8.41,9.39,5718000
XOMA,20100315,0.57,0.59,0.56,0.57,6427700
XRAY,20100315,34.78,34.9,34.6,34.77,723900
XWES,20100315,3.05,3.05,3.05,3.05,0
XXIA,20100315,8.89,8.96,8.75,8.87,499300
YHOO,20100315,16.35,16.64,16.28,16.46,18967700
YORW,20100315,14.06,14.11,13.91,14.02,15500
YRCW,20100315,0.49,0.5,0.45,0.46,27129300
ZAGG,20100315,3.25,3.25,3.05,3.1,323800
ZBRA,20100315,29.7,30.72,29.61,30.08,556700
ZEUS,20100315,29.91,30.3,29.53,30.25,116900
ZHNE,20100315,0.46,0.46,0.46,0.46,0
ZINC,20100315,11.51,11.64,11.34,11.6,258700
ZION,20100315,20.94,21.33,20.58,21.24,6415500
ZIOP,20100315,3.71,3.85,3.58,3.78,423500
ZIPR,20100315,4.83,4.85,4.52,4.77,39800
ZIXI,20100315,2.26,2.3,2.24,2.29,614000
ZN,20100315,6,6.05,5.96,6.04,31100
ZOOM,20100315,77,85.5,75.3,76,334700
ZUMZ,20100315,18.41,19.58,18.17,19.23,506100
