AAME,20100422,1.49,1.49,1.49,1.49,0
AAON,20100422,6.7111,7.0697,6.5807,7.0193,79400
AAPL,20100422,36.8914,38.1071,36.6,38.0671,28336500
AAWW,20100422,57.01,59.01,56.86,57.93,333000
AAXJ,20100422,57.64,58.24,57.15,58.12,671300
ABAX,20100422,25.93,26.66,25.64,26.64,167300
ABCB,20100422,10.7,11.13,10.7,11,169000
ABCD,20100422,5.08,5.33,5,5.15,90000
ABCO,20100422,17.195,17.91,16.53,17.91,65300
ABIO,20100422,25.8,26.4,24.66,24.78,321800
ABMD,20100422,9.6,9.86,9.52,9.85,156900
ABTL,20100422,5.15,5.25,4.7,4.7,118200
ACAD,20100422,1.7,1.76,1.65,1.76,298100
ACAS,20100422,6.06,6.07,5.8,6,10600500
ACAT,20100422,14.21,14.48,13.96,14.3,77000
ACET,20100422,6.51,6.63,6.47,6.63,52500
ACFC,20100422,2.84,3.5,2.84,3.33,8900
ACFN,20100422,6.13,6.15,6.01,6.04,28500
ACGL,20100422,25.42,25.42,25.19,25.2433,315700
ACHN,20100422,2.66,2.8,2.61,2.77,116400
ACIW,20100422,6.6067,6.7,6.6067,6.6933,270100
ACLS,20100422,2.36,2.36,2.29,2.36,847600
ACOR,20100422,38.15,38.97,37.64,38.84,335100
ACPW,20100422,4.15,4.3,3.95,4.3,325500
ACTG,20100422,11.3,11.65,11.22,11.55,142500
ACTS,20100422,2.36,2.38,2.36,2.36,37300
ACUR,20100422,5.9,5.9,5.9,5.9,0
ACWI,20100422,44.17,44.61,43.85,44.54,413800
ACWX,20100422,41.71,42.03,41.42,42.02,30000
ACXM,20100422,18.95,19.6,18.8,19.59,388400
ADAT,20100422,1.94,1.94,1.8,1.92,39900
ADBE,20100422,35.41,36.02,35,35.97,11649900
ADEP,20100422,4.95,5.22,4.9,5.12,13100
ADES,20100422,3.525,3.685,3.525,3.61,22100
ADI,20100422,29.95,30.48,29.24,30.42,3104900
ADP,20100422,44.85,45.11,44.53,45.07,2281500
ADRA,20100422,26.83,26.86,26.49,26.86,19400
ADRD,20100422,21.17,21.27,21.02,21.27,5200
ADRE,20100422,44.15,44.74,43.85,44.73,88100
ADRU,20100422,20.82,20.88,20.66,20.88,5200
ADSK,20100422,32.3,33.72,32.08,33.64,5091900
ADTN,20100422,28.03,28.08,26.36,27.59,3565300
ADUS,20100422,5.79,5.79,5.48,5.61,23000
ADVS,20100422,22.75,22.845,22.49,22.81,125200
AEHR,20100422,2.79,2.79,2.7,2.7,13800
AEIS,20100422,16.38,17.44,16.1,17.43,539800
AEPI,20100422,27.43,27.57,27.2,27.55,25700
AETI,20100422,2.75,2.75,2.75,2.75,500
AEY,20100422,2.3,2.31,2.3,2.31,18800
AEZS,20100422,6.84,6.96,6.36,6.6,2654000
AFAM,20100422,39.05,39.42,38.18,39.38,55300
AFCB,20100422,10.85,10.89,10.85,10.89,3600
AFFX,20100422,7.93,7.94,6.93,7.09,4519000
AFOP,20100422,0.725,0.75,0.71,0.74,335200
AFSI,20100422,13.89,14.03,13.8,13.97,54300
AGEN,20100422,1.18,1.25,1.18,1.23,1596100
AGII,20100422,34.5,34.97,34.42,34.92,81200
AGNC,20100422,26.59,26.68,26.34,26.68,259800
AGYS,20100422,11.38,11.87,11.32,11.86,65500
AHGP,20100422,32.87,32.96,32.25,32.78,23200
AHPI,20100422,3.97,3.97,3.97,3.97,0
AIMC,20100422,14.93,15.5,14.93,15.44,74800
AINV,20100422,12.55,13.14,12.45,13.08,1338400
AIRM,20100422,11.7233,11.9033,11.49,11.8567,53900
AIRT,20100422,12.12,12.19,12.06,12.19,9000
AIXG,20100422,37.48,38.19,36.82,38.08,446500
AKAM,20100422,33.2,34.45,33,34.35,3798700
AKRX,20100422,2.05,2.12,1.95,2.11,745100
ALCO,20100422,27.1,27.6,27.1,27.6,4000
ALGN,20100422,19.42,19.42,17.18,17.62,5676700
ALGT,20100422,50.57,51.72,49.5,51.44,441700
ALIM,20100422,11,11.23,11,11,2028500
ALKS,20100422,13.2,13.5,12.96,13.4,648600
ALLB,20100422,8.62,8.62,8.45,8.62,3100
ALLT,20100422,5.69,5.69,5.56,5.58,21100
ALNY,20100422,16.91,17.03,16.8,16.91,107600
ALOG,20100422,45.85,45.85,44.51,45.59,81900
ALOT,20100422,7.76,7.8,7.75,7.79,2100
ALSK,20100422,7.96,8.24,7.96,8.21,679500
ALTI,20100422,0.62,0.67,0.61,0.64,596100
ALTR,20100422,25.99,26.79,25.45,26.7,16831000
ALXA,20100422,31.1,32.1,31,31.9,90400
ALXN,20100422,27.93,28.355,27.1,28.135,1447900
AMAG,20100422,36.16,36.68,35.49,36.5,298200
AMAT,20100422,14.22,14.41,13.97,14.37,33127700
AMCC,20100422,9.83,10.24,9.75,10.14,1413000
AMCF,20100422,6.3,6.3,6.23,6.29,29900
AMCN,20100422,6.18,6.25,6.12,6.2,131600
AMED,20100422,59,59.88,57.47,59.31,436000
AMGN,20100422,57.81,58.73,57.03,58.16,10398800
AMIC,20100422,5.8,5.8,5.8,5.8,1300
AMKR,20100422,8,8.38,7.89,8.35,2728800
AMNB,20100422,21,21.67,21,21.47,11700
AMOT,20100422,4.23,5.1,4.23,4.98,50500
AMOV,20100422,25.21,25.515,25.05,25.505,1600
AMPH,20100422,23.9,24.4,23.9,24.4,6800
AMRB,20100422,8.45,8.49,8.4,8.45,12900
AMRI,20100422,8.22,8.74,8.21,8.69,55500
AMRN,20100422,1.69,1.71,1.64,1.65,253500
AMSC,20100422,30.23,32.08,29.91,31.95,773200
AMSF,20100422,17.01,17.15,16.91,17.11,105600
AMSG,20100422,22.94,23.18,22.73,22.87,211400
AMSWA,20100422,6.15,6.23,6.12,6.23,14100
AMWD,20100422,23.04,24.42,23.04,24.33,23600
AMZN,20100422,147.01,151.09,145.88,150.09,15165700
ANAD,20100422,4.96,5.12,4.86,5.12,1199500
ANAT,20100422,112.04,112.44,111.24,112,21100
ANCI,20100422,6.39,6.39,6.15,6.36,39600
ANCX,20100422,6.42,6.56,6.3,6.3,16100
ANDE,20100422,22.3667,22.8733,22.3333,22.7733,153700
ANGO,20100422,16.18,16.19,15.94,16.18,39600
ANIK,20100422,7.03,7.25,6.98,7.22,16600
ANSS,20100422,44.25,45.42,43.76,45.39,386900
ANTH,20100422,56.8,56.8,56.08,56.8,15400
APAGF,20100422,25.83,26.88,25.83,26.88,3100
APEI,20100422,45.46,46.4,45,46.07,165500
APOG,20100422,12.93,13.38,12.93,13.29,305200
APOL,20100422,65.79,66.69,64.34,64.88,2020500
APPY,20100422,18,21.9,17.76,19.8,3363900
APSA,20100422,9.41,9.8,9.39,9.8,6300
ARAY,20100422,6.27,6.38,6.22,6.38,157300
ARCC,20100422,15.46,15.94,15.31,15.87,1438800
ARCI,20100422,3.22,3.36,3.13,3.27,7400
ARCW,20100422,1.096,1.096,1.032,1.048,2800
AREX,20100422,8.83,9.02,8.83,8.95,57000
ARIA,20100422,3.69,3.79,3.55,3.72,1491900
ARII,20100422,18.15,18.61,17.86,18.61,44900
ARKR,20100422,14.06,14.11,14,14.11,1300
ARLP,20100422,23.32,23.5,23.065,23.425,47100
ARMH,20100422,11.64,12.09,11.52,12.08,5715700
ARNA,20100422,3.1,3.1,3.04,3.06,2385700
AROW,20100422,27.85,28.25,27.69,28.22,23700
ARQL,20100422,6.02,6.24,5.94,6.21,286600
ARRS,20100422,12.7,12.9,12.55,12.77,2813800
ARRY,20100422,3.74,3.92,3.65,3.71,1841700
ARTNA,20100422,18,18.2,17.97,18.14,10300
ARTW,20100422,6.19,6.3,6.14,6.15,2200
ARTX,20100422,1.66,1.71,1.65,1.7,6800
ARUN,20100422,13.08,13.46,12.73,13.43,1591700
ARWR,20100422,1.28,1.34,1.25,1.29,303500
ASBC,20100422,15.54,16.28,15.43,16.1,3676300
ASBI,20100422,3.74,3.84,3.4,3.75,10700
ASCMA,20100422,29.89,30.33,29.75,30.27,19300
ASEI,20100422,73.65,78.91,73.31,78.2,220600
ASFI,20100422,7.37,7.5,7.31,7.45,39300
ASMI,20100422,27.67,28.95,27.46,28.75,152100
ASML,20100422,34.69,35.71,34.54,35.69,2522800
ASPS,20100422,25.01,25.54,24.99,25.5,46300
ASRV,20100422,2.4,2.4,2.25,2.34,29100
ASRVP,20100422,22.75,22.75,22.75,22.75,0
ASTC,20100422,3.45,3.47,3.36,3.42,72200
ASTE,20100422,34.51,36.54,34.41,36.34,432200
ASTI,20100422,4.09,4.16,4.01,4.16,155400
ASTM,20100422,35,35.8,35,35.6,129800
ASUR,20100422,1.6267,1.6267,1.6267,1.6267,0
ASYS,20100422,10,10.13,9.87,10,32000
ATAI,20100422,3.45,3.49,3.44,3.44,2100
ATAX,20100422,5.37,5.48,5.33,5.4,1036300
ATEA,20100422,3.16,3.16,3.16,3.16,500
ATEC,20100422,6.13,6.53,6.06,6.48,323900
ATHN,20100422,37.95,38.13,37.19,37.56,894500
ATHX,20100422,3.18,3.3,3.16,3.27,78600
ATLO,20100422,18.78,20.45,18.55,20.06,17900
ATML,20100422,5.66,5.83,5.47,5.83,7576500
ATNI,20100422,50.75,51.44,50.64,51.33,60000
ATRC,20100422,5.5,5.59,5.5,5.57,5100
ATRI,20100422,151.87,151.87,151.87,151.87,100
ATRM,20100422,33.5,37,33.5,36.8,57000
ATRO,20100422,11.2667,11.2917,11.0833,11.2833,18600
ATSG,20100422,5.28,5.45,5.23,5.44,715900
ATVI,20100422,11.74,11.76,11.52,11.59,18944500
AUBN,20100422,19.76,19.76,19.53,19.73,1100
AUDC,20100422,3.99,4.05,3.8,4.05,114000
AUXL,20100422,35.66,35.74,34.85,34.95,546000
AVAV,20100422,27.83,27.9,26.89,27.69,295900
AVEO,20100422,9.91,9.91,8.7,9,83100
AVGO,20100422,21.84,21.86,20.97,21.53,644000
AVNR,20100422,2.85,3.02,2.77,3.01,1154500
AVNW,20100422,6.91,7.08,6.87,7.05,118100
AWRE,20100422,2.52,2.59,2.44,2.54,6000
AXAS,20100422,2.66,2.82,2.55,2.74,926600
AXTI,20100422,3.34,3.49,3.3,3.49,113800
AZPN,20100422,10.96,11.1,10.87,11.09,158800
BABY,20100422,15.71,15.71,15.29,15.51,112300
BAGL,20100422,12.61,13.06,12.47,13.03,58000
BAMM,20100422,7.85,8.13,7.85,8.1,24400
BANF,20100422,45.99,47.15,45.73,47.11,11300
BANFP,20100422,25.8,25.8,25.15,25.19,4300
BANR,20100422,49,55.3,49,55.23,763300
BASI,20100422,1.16,1.35,1.08,1.14,14800
BBBY,20100422,46.01,47.5,46.01,47.35,4002400
BBEP,20100422,14.65,15.14,14.65,15.1,106200
BBGI,20100422,4.62,5,4.61,5,16800
BBNK,20100422,9.37,9.74,9.37,9.62,23300
BBOX,20100422,35.05,35.1,34.25,34.48,336300
BBRY,20100422,70.57,71.56,69.77,71.4,12543900
BBSI,20100422,14.84,15.16,14.64,14.99,11200
BCBP,20100422,8.97,9.05,8.95,9,3000
BCOM,20100422,30.7,30.7,30.35,30.65,2900
BCPC,20100422,25.54,25.94,25.27,25.93,63700
BCRX,20100422,7.35,7.47,7.2,7.3,413600
BDGE,20100422,23.8,23.99,23.53,23.63,5100
BDMS,20100422,17.25,17.45,17.25,17.45,600
BDSI,20100422,3.62,3.62,3.5,3.61,208000
BEAT,20100422,9.14,9.35,8.93,9.35,313800
BEAV,20100422,28.99,30.48,28.6,30.37,1558500
BEBE,20100422,9.43,9.62,9.35,9.59,601400
BECN,20100422,20.65,21.43,20.45,21.32,371100
BELFA,20100422,19.55,20.15,19.55,20.15,2700
BELFB,20100422,22.83,23.28,22.32,23.28,8300
BFIN,20100422,9.35,9.67,9.35,9.66,105000
BGCP,20100422,6.43,6.64,6.43,6.59,577200
BGFV,20100422,17.78,18,17.64,18,63600
BIB,20100422,14.5375,14.5375,13.9975,14.32,4000
BICK,20100422,30.06,30.06,29.55,30.06,21200
BIDU,20100422,62.5,64.193,62.325,64.004,826000
BIIB,20100422,52.61,52.61,51.62,52.03,4324000
BIOC,20100422,4.97,5.3,4.89,4.99,18600
BIOD,20100422,17.76,17.8,17.16,17.56,95600
BIOF,20100422,56.8,58.6,56.2,57.6,76300
BIOS,20100422,9.18,9.25,9.06,9.25,118900
BIS,20100422,247.44,255.92,247.44,250.48,9900
BJRI,20100422,26.64,27.37,26.61,27.12,342800
BKCC,20100422,11.55,11.58,11.35,11.52,247400
BKMU,20100422,7,7.26,7,7.26,180900
BKSC,20100422,11.11,11.5,11.11,11.35,1100
BKYF,20100422,18.6,18.61,18.6,18.61,400
BLDP,20100422,2.32,2.45,2.31,2.41,175700
BLDR,20100422,3.86,4.19,3.83,4.08,782800
BLIN,20100422,1.26,1.3,1.26,1.3,500
BLKB,20100422,26.53,26.6,26.24,26.4,289500
BMRC,20100422,33.9,34.22,33.69,34.21,5400
BMRN,20100422,22.74,23.47,22.53,23.24,1043700
BMTC,20100422,18.79,19.15,18.66,19.15,16200
BNCL,20100422,9.78,10.06,9.76,10,150800
BNCN,20100422,9.65,10.07,9.6,10.07,2400
BNSO,20100422,1.22,1.22,1.22,1.22,400
BOBE,20100422,32.87,33.16,32.87,33.08,219600
BOCH,20100422,5.01,5.06,5.01,5.01,15500
BOFI,20100422,17.34,17.75,16.21,17.61,123000
BOKF,20100422,54.07,55.33,53.89,55.23,64800
BOLT,20100422,11.66,11.95,11.41,11.95,46900
BONT,20100422,17.11,17.75,16.78,17.68,185300
BOOM,20100422,17.65,18.46,17.51,18.36,171700
BOSC,20100422,5.32,5.48,5.32,5.48,900
BPFH,20100422,8.4,8.82,8.4,8.77,507300
BPHX,20100422,2.16,2.22,2.15,2.16,36900
BPOP,20100422,39.5,39.9,38.5,39.1,34768700
BPOPM,20100422,17.62,17.62,17.62,17.62,100
BPOPN,20100422,20,20.01,20,20,2600
BRCD,20100422,6.23,6.53,6.16,6.5,18069000
BRCM,20100422,34.85,35.62,34.05,35.55,7250000
BRID,20100422,12.46,13.25,12.46,13.25,1800
BRKL,20100422,10.82,11.23,10.79,11.22,332100
BRKR,20100422,15.25,15.3,14.85,14.99,721000
BRKS,20100422,9.58,9.97,9.51,9.89,577100
BRLI,20100422,23.71,24.67,23.5,24.63,263000
BSDM,20100422,1.7,2.1,1.59,1.59,759700
BSET,20100422,5.77,5.99,5.71,5.97,14800
BSQR,20100422,2.62,2.94,2.62,2.85,101900
BSRR,20100422,13.56,13.87,13.56,13.67,12800
BSTC,20100422,31.29,31.37,30.86,31.15,3600
BTUI,20100422,5.76,6.09,5.76,6.06,5700
BUSE,20100422,5.4,5.46,5.08,5.25,386600
BVSN,20100422,13.5,13.66,13.11,13.55,17700
BWEN,20100422,41.7,42.3,41.1,42.2,246000
BWINA,20100422,24.4,24.4,24.4,24.4,0
BWINB,20100422,24.62,25.22,24.62,25.22,4900
BWLD,20100422,49.58,52.88,49.15,52.61,551300
BYFC,20100422,5.42,5.42,5.42,5.42,0
CA,20100422,23.37,23.74,23.13,23.72,3535200
CAAS,20100422,21.29,22.16,21.1,22.09,312900
CAC,20100422,34.82,35.47,34.18,35.47,11500
CACB,20100422,0.74,0.97,0.73,0.96,892800
CACC,20100422,44.23,45.81,44.23,45.77,25700
CACH,20100422,6.8,6.95,6.72,6.92,66300
CADC,20100422,59.28,59.28,56.88,56.88,223700
CAKE,20100422,28.96,30.75,28.93,30.46,2982600
CALD,20100422,3.37,3.43,3.34,3.4,23500
CALI,20100422,24.12,24.6,24,24.42,22700
CALM,20100422,36.75,36.75,36.28,36.58,72800
CAMP,20100422,3.11,3.2,3.11,3.15,54400
CAMT,20100422,3.12,3.18,3.1,3.18,51600
CART,20100422,4.79,4.79,4.75,4.75,600
CARV,20100422,8.58,8.7,8.48,8.7,600
CASH,20100422,27.65,27.65,27.65,27.65,0
CASM,20100422,1.61,1.63,1.6,1.61,2500
CASS,20100422,31.51,32.14,31.51,32.14,5800
CASY,20100422,39.07,39.56,39.07,39.35,560900
CATM,20100422,13.01,13.24,12.96,13.03,139400
CATY,20100422,13.73,14.6,13.61,14.49,1097400
CAVM,20100422,26.19,26.99,25.86,26.94,558400
CBAK,20100422,11.45,11.55,11.3,11.4,805800
CBAN,20100422,6.99,7.28,6.9,7.2,3900
CBIN,20100422,10,10,10,10,0
CBLI,20100422,4.07,4.1,3.88,3.97,92200
CBMX,20100422,39.9,40,39.4,39.6,30300
CBNJ,20100422,7.04,7.34,6.74,7.07,28400
CBNK,20100422,12.81,12.95,12.81,12.93,19200
CBPO,20100422,10.7,11,10.7,10.96,161000
CBRL,20100422,51.8,53.43,51.67,52.78,278600
CBRX,20100422,9.04,9.04,8.56,8.64,170900
CBSH,20100422,42.48,43.1,42.13,43.01,347500
CBST,20100422,22.33,22.49,22.12,22.39,651900
CCBG,20100422,16.43,16.97,16.17,16.74,29300
CCMP,20100422,39.6,39.6,38.07,38.64,973300
CCNE,20100422,15.85,16,15.85,15.99,2500
CCOI,20100422,10.11,10.3,9.88,10.25,309800
CCRN,20100422,10.3,10.84,10.22,10.78,67800
CCUR,20100422,5.87,6,5.87,5.95,2900
CDNS,20100422,7.11,7.35,7.02,7.34,2641500
CDTI,20100422,1.64,1.7,1.63,1.66,2100
CDXS,20100422,13,13.8,12.62,13.26,3332200
CDZI,20100422,12.64,12.88,12.5,12.8,20300
CECE,20100422,5.42,5.53,5.42,5.53,8700
CECO,20100422,35.42,35.88,34.36,34.88,1280800
CELG,20100422,29.35,29.465,28.5,29.33,5766500
CENT,20100422,11.12,11.45,10.97,11.34,74300
CENTA,20100422,10.41,10.73,10.3,10.66,117300
CENX,20100422,14.2,14.7,13.91,14.67,3484100
CERN,20100422,22.18,22.53,22.075,22.48,437500
CERS,20100422,3.15,3.25,3.1,3.22,111000
CETV,20100422,35.46,36.49,34.43,36.21,176100
CEVA,20100422,12.39,12.94,12.14,12.85,459000
CFBK,20100422,7.25,7.25,6.5,6.5,3600
CFFI,20100422,21.5,21.5,21.5,21.5,900
CFFN,20100422,37.91,38.46,37.88,38.46,35200
CFNB,20100422,13.12,13.2,13.12,13.16,1100
CFNL,20100422,10.95,11.46,10.87,11.32,80100
CGEN,20100422,4.9,5.07,4.87,4.94,151600
CGNX,20100422,10.185,10.82,10.045,10.805,514300
CHCI,20100422,1.88,2.5,1.81,2.25,2480200
CHCO,20100422,35.77,36.79,35.37,36.69,64600
CHDN,20100422,38.77,39.82,38.62,39.79,22200
CHDX,20100422,12.79,12.97,12.7,12.85,36200
CHEV,20100422,9.21,9.21,8.91,8.99,3900
CHFC,20100422,23.55,23.98,23.41,23.78,97300
CHFN,20100422,9.5038,9.5038,9.5038,9.5038,1700
CHKE,20100422,19.96,20.14,19.92,20.07,46700
CHKP,20100422,35.39,35.69,35.13,35.67,1318100
CHLN,20100422,3.64,3.71,3.53,3.7,90300
CHNR,20100422,11.12,11.47,11.11,11.34,2600
CHOP,20100422,7.05,7.16,7.01,7.1,86300
CHRW,20100422,60.11,62.15,59.51,61.46,4289600
CHSCP,20100422,27.42,27.52,27.25,27.35,14600
CHYR,20100422,2.06,2.11,2.05,2.11,14400
CIDM,20100422,2.67,2.8,2.59,2.73,120500
CIMT,20100422,1.99,1.99,1.87,1.98,17400
CINF,20100422,29.64,29.86,29.31,29.85,771200
CISG,20100422,27.07,27.29,26.4,27.17,104700
CIZN,20100422,23.14,24.1,23.14,24.1,1900
CKEC,20100422,17.8,17.84,16.82,17.68,130900
CKSW,20100422,6.88,6.88,6.76,6.85,63500
CLBH,20100422,3.45,3.83,3.4,3.74,9800
CLCT,20100422,14.47,14.47,13.82,14.06,34800
CLDX,20100422,7.14,7.25,6.91,7.23,301100
CLFD,20100422,2.94,2.96,2.84,2.95,9400
CLMS,20100422,13.94,14.16,13.8,14.06,64000
CLMT,20100422,23.34,23.73,23.04,23.4,99700
CLNE,20100422,19.62,20.55,19.1,20.54,2001400
CLRO,20100422,3.2,3.24,3.04,3.05,13800
CLSN,20100422,5.07,5.2,4.91,5.18,66700
CLUB,20100422,4.1,4.21,4.02,4.2,130000
CLWT,20100422,11.165,11.22,11,11.22,30900
CMCO,20100422,18.32,19.2,18.19,19.2,79900
CMCSA,20100422,18.41,18.89,18.26,18.8,15449700
CMCSK,20100422,17.49,17.96,17.39,17.9,4582400
CME,20100422,64.298,68.836,64.102,67.594,1612900
CMLS,20100422,5.09,5.49,4.99,5.46,234400
CMSB,20100422,8.1,8.25,8.1,8.25,500
CMTL,20100422,32.19,33.13,32.19,32.84,315100
CNBKA,20100422,20.21,20.73,20.01,20.3,4200
CNMD,20100422,24.98,25.13,24.57,24.92,64700
CNOB,20100422,8.49,8.71,8.48,8.68,15700
CNQR,20100422,42.16,42.82,41.58,42.62,719100
CNSL,20100422,18.68,18.93,18.54,18.71,256600
CNTF,20100422,2.61,2.62,2.53,2.57,144700
CNTY,20100422,2.72,2.73,2.65,2.67,68900
CNYD,20100422,67,67.5,65.05,66.45,45400
COBK,20100422,9.94,9.94,9.94,9.94,0
COBR,20100422,2.76,2.77,2.56,2.57,31100
COBZ,20100422,7.05,7.3,7.04,7.13,136900
COCO,20100422,19.07,19.27,18.37,18.73,1267600
COHR,20100422,32.9,34.57,32.9,34.53,112600
COHU,20100422,16.26,16.99,16.14,16.4,156000
COKE,20100422,55.76,56.3,53.67,54.77,66800
COLB,20100422,22.48,24.14,22.48,24.1,254500
COLM,20100422,57.42,59.43,56.94,59.19,469900
CONN,20100422,8.01,10.16,7.88,9.89,809000
COOL,20100422,6.23,6.23,5.95,6.09,73200
CORE,20100422,15.165,15.88,14.9,15.835,181000
CORT,20100422,2.92,3.06,2.91,3.06,21700
COSI,20100422,4.24,4.36,3.96,4.04,561400
COST,20100422,59.23,60.41,59.12,60.22,3929600
COWN,20100422,5.56,5.56,5.44,5.5,74000
CPHC,20100422,8.1,8.88,8.1,8.76,800
CPHD,20100422,18.22,18.4,17.77,18.29,421000
CPIX,20100422,10.8,10.8,10.27,10.71,92100
CPLA,20100422,92.83,93.22,90.62,93.22,208500
CPLP,20100422,8.9,8.94,8.75,8.8,264900
CPRT,20100422,17.375,17.625,17.335,17.54,609700
CPRX,20100422,1.59,1.66,1.59,1.6,138400
CPSI,20100422,39.69,40.52,39.49,40.19,69700
CPSS,20100422,1.61,1.8,1.61,1.76,109800
CPST,20100422,1.26,1.27,1.23,1.27,1102700
CPWR,20100422,8.63,8.88,8.54,8.87,1762800
CRAI,20100422,23.51,24.26,22.95,23.97,51000
CRAY,20100422,6.82,7.28,6.75,7.22,259800
CRDC,20100422,2.45,2.67,2.41,2.56,186900
CREE,20100422,75.71,80.46,74.02,80.16,6645700
CREG,20100422,4.06,4.06,3.77,3.85,79900
CRESW,20100422,0.22,0.22,0.2,0.2,10800
CRESY,20100422,13.91,14.15,13.71,14.15,57100
CRIS,20100422,3.31,3.42,3.23,3.42,373300
CRME,20100422,41.35,43.2,41.2,42.35,2635400
CRMT,20100422,24.82,25.85,24.82,25.72,41000
CRNT,20100422,10.25,10.81,10.17,10.75,620800
CROX,20100422,10.16,10.82,10.02,10.7,2115400
CRRC,20100422,17.48,17.98,16.98,17.53,22700
CRUS,20100422,10.16,10.47,9.93,10.47,941600
CRVL,20100422,17.72,18,17.695,18,16900
CRWN,20100422,1.89,1.95,1.89,1.93,6600
CRWS,20100422,4.25,4.33,4.25,4.33,2100
CRZO,20100422,21.83,22.13,21.5,22.13,1172400
CSBK,20100422,9.6,9.87,9.52,9.84,7700
CSCD,20100422,4.71,4.89,4.65,4.65,27200
CSCO,20100422,27.08,27.37,26.72,27.32,44845700
CSFL,20100422,12.93,13.57,12.93,13.45,98000
CSGP,20100422,44.77,45.71,44.6,45.34,313200
CSGS,20100422,22.04,22.8,21.77,22.65,283300
CSII,20100422,5.25,5.27,5.05,5.07,15600
CSIQ,20100422,18,18.74,17.46,18.45,5848700
CSPI,20100422,3.5,3.59,3.5,3.59,6800
CSUN,20100422,4.1,4.14,4.05,4.09,238600
CSWC,20100422,23.2425,23.4,23.2225,23.375,3000
CTAS,20100422,28.17,28.7,27.96,28.68,735100
CTBI,20100422,29.85,30.62,29.85,30.46,50800
CTCM,20100422,19.28,19.75,19.17,19.72,421700
CTCT,20100422,25.27,26.11,25.02,26.03,197900
CTHR,20100422,1.69,1.69,1.64,1.65,12100
CTIB,20100422,3.52,3.56,3.52,3.55,1600
CTIC,20100422,3.2,3.25,3.1,3.25,6884900
CTRN,20100422,36.1,36.4,35.75,36.37,190400
CTRP,20100422,36,38.14,36,38.06,1888000
CTSH,20100422,26.125,26.89,25.97,26.845,2598500
CTWS,20100422,23.51,23.93,23.51,23.93,3900
CTXS,20100422,47.87,48.47,46.48,48.3,9287900
CU,20100422,31.5,31.5,30.88,31.4,3100
CUBA,20100422,6.7,6.85,6.69,6.8,3000
CUTR,20100422,11.51,11.56,11.46,11.55,47500
CVBF,20100422,11.25,11.85,11.16,11.46,2479600
CVCO,20100422,35.1,36.82,34.95,36.82,49600
CVCY,20100422,5.4,5.68,5.38,5.45,4200
CVGI,20100422,8.82,9.29,8.47,9.17,280200
CVGW,20100422,17.77,18.69,17.7,18.61,78000
CVLT,20100422,21.31,21.57,20.96,21.56,203500
CVLY,20100422,8.85,8.87,8.75,8.85,13100
CVTI,20100422,6.81,6.96,6.49,6.92,15600
CVV,20100422,3.78,3.78,3.78,3.78,0
CWBC,20100422,2.95,2.95,2.95,2.95,0
CWCO,20100422,13.9,14.53,13.9,14.43,18300
CWST,20100422,5.03,5.07,5,5.06,56100
CXDC,20100422,7.25,7.25,6.97,7.02,41300
CY,20100422,12.8,13.33,12.41,13.19,7966000
CYAN,20100422,2.84,2.85,2.74,2.8,13900
CYBE,20100422,10.54,11.96,10.51,11.8,54200
CYBX,20100422,20.36,21.15,20.13,20.83,186500
CYCC,20100422,16.73,17.43,16.45,17.15,1332200
CYCCP,20100422,3.9,3.9,3.9,3.9,3600
CYNO,20100422,12.88,12.99,12.49,12.8,58600
CYOU,20100422,32.88,34.12,32.85,34.07,143700
CYTK,20100422,19.02,19.32,18.6,19.32,278900
CYTR,20100422,7.84,8.05,7.7,7.98,630800
CYTX,20100422,5.36,5.58,5.11,5.49,831300
CYTXW,20100422,3.2,3.46,3.1,3.44,53700
CZFC,20100422,7.24,7.24,7.1,7.1,2200
CZNC,20100422,12.07,12.64,12.07,12.63,14600
CZWI,20100422,4.1,4.1,3.86,3.86,2900
DAIO,20100422,4.81,4.81,4.65,4.73,13700
DAKT,20100422,8.56,9.02,8.56,9.02,184500
DARA,20100422,2.2,2.2,2.15,2.2,142000
DAVE,20100422,8.95,9.34,8.76,9.09,33900
DCOM,20100422,13.52,13.81,13.48,13.75,57500
DCTH,20100422,228,231.52,202.08,206.88,12527700
DENN,20100422,3.68,3.83,3.65,3.78,607000
DEPO,20100422,3.56,3.63,3.42,3.63,257700
DEST,20100422,14.97,15.2,14.85,15.15,25100
DFZ,20100422,10.52,10.55,10.44,10.54,111100
DGAS,20100422,14.55,14.75,14.55,14.72,1900
DGICA,20100422,14.61,14.77,14.48,14.77,14800
DGICB,20100422,18,18,18,18,0
DGII,20100422,10.97,11.35,10.67,11.14,257500
DGLY,20100422,2.1,2.2,1.9,2.1,572200
DHIL,20100422,73.57,75.88,73.57,75.54,3000
DHRM,20100422,10.25,12.69,10.25,12.58,1385700
DIOD,20100422,23.5,24.08,23.21,23.9,375200
DISCA,20100422,36.37,36.67,36.04,36.63,2386500
DISCB,20100422,38.11,38.11,38.05,38.05,200
DISCK,20100422,15.245,15.405,15.2,15.385,1132300
DISH,20100422,21.4,21.92,21.27,21.85,3714600
DJCO,20100422,70,71.17,70,71.13,7100
DLIA,20100422,1.79,1.79,1.73,1.78,79200
DLTR,20100422,20.08,20.5234,20.0434,20.4634,1229900
DMLP,20100422,25.58,25.92,25.45,25.89,88100
DMND,20100422,44.2,44.75,44,44.71,59000
DMRC,20100422,17.49,17.66,17.48,17.55,22200
DNBF,20100422,6.93,6.93,6.93,6.93,0
DNDN,20100422,38.99,39.5,38.55,39.32,2829100
DORM,20100422,10.115,10.69,10.115,10.6,18300
DOVR,20100422,4.22,4.52,4.22,4.46,6400
DRAD,20100422,2.06,2.07,1.99,2.01,75800
DRAM,20100422,15.6,15.9,15,15.72,17400
DRIV,20100422,30.98,32.23,30.81,32.23,307200
DRRX,20100422,2.98,3.04,2.92,2.97,89800
DRWI,20100422,9.15,9.35,9.06,9.22,566700
DRYS,20100422,6.03,6.09,5.91,6.05,46860100
DSCI,20100422,5.33,5.48,5.33,5.48,11100
DSCO,20100422,0.53,0.53,0.52,0.52,867100
DSGX,20100422,6.21,6.21,6.13,6.14,19000
DSPG,20100422,8.66,8.76,8.54,8.73,65600
DSWL,20100422,5.09,5.11,4.96,5.08,19600
DTLK,20100422,4.77,4.85,4.69,4.82,9500
DTSI,20100422,34.26,34.26,33.18,33.89,198500
DTV,20100422,35.97,36.24,35.61,36.18,8439800
DVAX,20100422,1.4,1.43,1.4,1.41,322800
DWA,20100422,42.13,43.18,41.57,43.01,1045300
DWCH,20100422,2.4,2.75,2.4,2.7,19400
DWSN,20100422,29.67,30.16,29.47,30.15,23600
DXCM,20100422,10.85,11.1,10.75,11.01,286400
DXPE,20100422,14.65,15.51,14.51,15.49,42800
DXYN,20100422,5.01,5.06,5.01,5.01,12800
DYAX,20100422,3.53,3.6,3.44,3.6,480000
DYNT,20100422,4.8,5.15,4.75,4.8,10500
EBAY,20100422,24.44,24.81,23.9,24.78,56721400
EBIX,20100422,16.23,16.47,16.11,16.37,260200
EBSB,20100422,11.24,11.55,11.1,11.55,25900
EBTC,20100422,11.88,12.06,11.75,12.06,4900
ECHO,20100422,12.96,13.31,12.77,13.15,74900
ECOL,20100422,15.79,15.93,15.69,15.85,55800
ECPG,20100422,19.69,20.7,19.4,20.62,289400
EDAP,20100422,3.16,3.44,3.15,3.3,37900
EDGW,20100422,2.94,2.98,2.94,2.98,3800
EDMC,20100422,24.64,24.74,23.65,24.05,118900
EDS,20100422,9.08,9.33,9.04,9.11,24200
EDUC,20100422,6.2,6.2,6.2,6.2,300
EEFT,20100422,20.19,21.52,20.08,21.25,544500
EEI,20100422,13.41,13.72,13.41,13.66,2700
EFII,20100422,12.98,13.47,12.98,13.46,175500
EFOI,20100422,1.18,1.2,1.14,1.2,29300
EFSC,20100422,10.81,10.98,10.74,10.81,13600
EFUT,20100422,6.5,6.57,6.27,6.4,11100
EGBN,20100422,12.49,12.88,12.43,12.87,30000
EGHT,20100422,1.5,1.5,1.46,1.48,124800
EGLE,20100422,21.6,21.88,21.36,21.8,1580700
EGOV,20100422,7.21,7.27,7.14,7.19,130100
EHTH,20100422,14.78,15.03,14.43,14.57,352800
ELGX,20100422,4.37,4.52,4.15,4.52,314500
ELNK,20100422,8.74,8.85,8.68,8.82,968400
ELON,20100422,9.9,10.32,9.8,10.28,425700
ELOS,20100422,11.51,11.83,11.38,11.7,107200
ELRC,20100422,14.01,14.58,13.87,14.56,42200
ELSE,20100422,4.24,4.25,4.24,4.25,2000
ELTK,20100422,1.3,1.34,1.3,1.34,20700
EMCF,20100422,15.65,15.65,15.65,15.65,1300
EMCI,20100422,22.8,23.25,22.5,23.25,18000
EMFN,20100422,25.77,25.94,25.77,25.94,200
EMIF,20100422,31.25,31.48,30.91,31.48,8400
EMITF,20100422,21.64,21.64,21.63,21.64,500
EMKR,20100422,6.04,6.08,5.68,6.08,689800
EMMS,20100422,1.93,2.22,1.86,2.17,235600
EMMSP,20100422,23,23,21,21,200
EMMT,20100422,24.75,24.78,24.24,24.78,11800
ENDP,20100422,23.54,23.56,22.66,22.86,2555500
ENG,20100422,3.25,3.31,3.21,3.26,122400
ENOC,20100422,29.15,30.4,28.55,30.35,317200
ENSG,20100422,17.67,17.86,17.4,17.6,48100
ENTG,20100422,5.68,5.86,5.42,5.83,1477100
ENTR,20100422,5.31,5.34,5.07,5.26,1447700
ENZN,20100422,10.41,10.48,10.34,10.45,324500
EPAX,20100422,12.36,12.51,12.09,12.42,185600
EPAY,20100422,19.63,19.63,19.02,19.43,404300
EPIQ,20100422,12.3,12.46,12.11,12.46,197900
EQIX,20100422,96.98,98.55,93.2,96.08,2774600
ERIC,20100422,10.88,11.28,10.85,11.26,5839800
ERIE,20100422,45.29,45.75,45.06,45.73,23500
ERII,20100422,6.23,6.26,6.16,6.2,126300
EROC,20100422,6.65,7,6.6,7,255400
ESBF,20100422,9.4306,9.625,9.375,9.625,7300
ESBK,20100422,16.68,16.75,16.68,16.75,200
ESCA,20100422,4.74,4.8,4.52,4.65,7300
ESEA,20100422,3.97,4.04,3.96,4.01,71200
ESGR,20100422,67.38,67.64,66.48,67.48,25100
ESIO,20100422,14.27,14.44,13.94,14.44,34300
ESLT,20100422,64,64.48,63.71,64.16,6000
ESMC,20100422,1.45,1.45,1.45,1.45,0
ESRX,20100422,51.745,51.9,51.145,51.55,1363600
ESSA,20100422,12.55,13,12.55,13,24900
ESSX,20100422,7.4,7.4,6.97,7.03,8900
ESYS,20100422,4,4,3.95,3.95,200
ETFC,20100422,17.9,18.4,17.1,18.3,68946200
ETRM,20100422,3.12,3.24,3.12,3.12,292400
EUFN,20100422,22.62,22.64,22.62,22.64,1200
EVBS,20100422,7.73,7.97,7.73,7.78,13700
EVEP,20100422,32.6,33.14,32.4,32.85,104800
EVOL,20100422,7.09,7.43,7.06,7.28,52200
EWBC,20100422,18.72,20.15,18.55,20.12,1721000
EXAC,20100422,19.7,19.86,19.51,19.6,13500
EXAS,20100422,4.1,4.16,3.9,4,335900
EXEL,20100422,6.06,6.21,5.87,5.9,2234200
EXFO,20100422,6.08,6.17,6.03,6.15,28000
EXLP,20100422,23.75,24.5,23.63,24.5,64500
EXLS,20100422,16.99,17.12,16.67,17.06,43500
EXPD,20100422,40.24,40.9,39.63,40.79,1765200
EXPE,20100422,24.26,24.76,24.09,24.53,4995500
EXPO,20100422,29.44,29.99,29.18,29.98,30500
EXTR,20100422,3.6,3.63,3.52,3.59,459800
EXXI,20100422,19.3,20.49,19.12,20.4,534900
EZCH,20100422,19.68,20.12,19.54,20.02,95900
EZPW,20100422,22.51,23.14,22.3,23.04,576400
FALC,20100422,3.11,3.12,2.99,3.06,493600
FARM,20100422,18.75,19,18.75,18.99,6600
FARO,20100422,25.74,25.98,25.24,25.98,42700
FAST,20100422,26.985,27.935,26.985,27.855,1779300
FBIZ,20100422,10,10,10,10,0
FBMS,20100422,8.25,8.25,8.08,8.08,1100
FBNC,20100422,15.74,16,15.55,15.79,99400
FBSS,20100422,16,16,16,16,0
FCAP,20100422,15.5,15.5,15.5,15.5,0
FCBC,20100422,14.26,15.24,14.26,15.21,60900
FCCO,20100422,6.25,6.25,6.25,6.25,300
FCCY,20100422,8.1,9.13,7.75,8.65,2700
FCEL,20100422,2.9,3,2.86,2.99,779800
FCFS,20100422,23.54,23.6,23.04,23.45,162700
FCHI,20100422,48.19,48.68,47.9,48.68,1900
FCLF,20100422,6.75,6.75,6.75,6.75,0
FCNCA,20100422,202.64,208.4,202.64,207.9,10300
FCTY,20100422,4.2,4.2,4.12,4.12,400
FCVA,20100422,8.88,8.89,8.88,8.89,300
FCZA,20100422,4.98,5.28,4.97,5.28,12500
FDEF,20100422,13.51,13.89,13.5,13.88,82800
FDML,20100422,20.61,21.08,20.53,21.03,65100
FEFN,20100422,25.22,25.22,25.22,25.22,100
FEIC,20100422,23.05,23.2,22.81,23.06,428500
FEIM,20100422,5.5,5.58,5.5,5.57,1400
FELE,20100422,17.23,17.72,17.125,17.7,90600
FFBC,20100422,19.84,20.67,19.79,20.66,327200
FFCO,20100422,5.93,5.93,5.93,5.93,100
FFHL,20100422,1.1,1.1,1.01,1.09,29000
FFIC,20100422,13.72,14.52,13.6,14.49,114000
FFIN,20100422,18.0334,18.28,17.81,18.22,53400
FFIV,20100422,65.17,71.8,65.02,71.79,4294300
FFKT,20100422,9.09,9.38,8.86,9.06,11400
FFKY,20100422,7.77,8.23,7.6,8.2,7900
FFNM,20100422,1.64,1.7,1.64,1.66,15600
FFNW,20100422,7.4,7.48,7.09,7.47,22800
FHCO,20100422,6.72,6.73,6.6,6.7,20800
FIBK,20100422,16.08,16.52,15.99,16.51,124600
FINL,20100422,17.13,17.52,16.97,17.51,318400
FISI,20100422,15.93,16.36,15.61,16.36,31300
FISV,20100422,26.61,26.965,26.44,26.92,1215400
FITB,20100422,14.9,15,14.33,14.96,34041300
FIZZ,20100422,11.5,11.62,11.4,11.5,29100
FLEX,20100422,7.72,8.06,7.58,8,11111000
FLIC,20100422,25.09,25.27,25.07,25.27,2100
FLIR,20100422,29.49,30.12,29.26,30.03,2756800
FLML,20100422,9.03,9.1,8.86,9.06,206400
FLWS,20100422,3.08,3.2,3.05,3.2,204700
FLXS,20100422,15.35,15.74,15.22,15.45,21000
FMBI,20100422,16.06,17.2,15.89,16.85,900800
FMER,20100422,23.38,24,23.24,24,1009600
FNFG,20100422,14.8,14.8,14.62,14.66,2729900
FNGN,20100422,15.53,15.82,15.31,15.6,237100
FNLC,20100422,15.94,16.18,15.89,16.16,14800
FNSR,20100422,16.12,16.22,15.45,16.09,1087500
FOLD,20100422,3.28,3.3,3.21,3.3,72400
FONR,20100422,1.67,1.72,1.66,1.67,10100
FORD,20100422,2.97,3.08,2.96,3.05,41300
FORM,20100422,19.5,20.25,19.17,20.13,389400
FORR,20100422,32.25,33.13,32.22,33.13,44600
FORTY,20100422,12.26,12.37,12,12.17,5400
FOSL,20100422,40.49,41.84,40.47,41.77,371500
FRBK,20100422,3.93,4,3.82,3.94,33900
FRED,20100422,13.36,13.7,13.2,13.67,321600
FREE,20100422,357.5,362.5,347.5,357.5,236800
FRME,20100422,8.15,8.55,8.15,8.51,72400
FSBK,20100422,14.22,14.22,13.55,13.82,17300
FSFG,20100422,13.03,13.03,13.03,13.03,0
FSGI,20100422,3.04,3.08,3.03,3.04,29100
FSLR,20100422,129.5,134.29,129.36,133.94,1493100
FSRV,20100422,24.03,24.61,23.92,24.29,40800
FSTR,20100422,30.94,31.64,29.73,31.43,67200
FSYS,20100422,32,32.99,32,32.44,299900
FTEK,20100422,7.34,7.43,7.2,7.4,151600
FTNT,20100422,8.105,8.3,8.05,8.18,202900
FUBC,20100422,9.05,9.22,9.05,9.05,59200
FUEL,20100422,1.26,1.29,1.23,1.23,9500
FULT,20100422,11.22,11.63,11.1,11.4,2220400
FUNC,20100422,6.27,6.5,6.27,6.32,7600
FUND,20100422,6.95,7.11,6.93,7.03,30500
FWLT,20100422,31.34,31.93,30.52,31.77,2718400
FWRD,20100422,27.68,27.68,26.74,27.04,293600
FXCB,20100422,10.49,10.77,10.49,10.77,9600
FXEN,20100422,4.39,4.41,4.31,4.4,47900
GABC,20100422,15.1,16.21,15.1,15.87,20800
GAI,20100422,11.68,11.89,11.63,11.89,900
GAIA,20100422,9.26,9.26,9.03,9.25,25700
GAIN,20100422,6.49,6.58,6.36,6.55,54800
GALT,20100422,2.58,2.64,2.532,2.58,37500
GAME,20100422,7.11,7.16,7.04,7.08,500900
GASS,20100422,4.81,4.98,4.79,4.94,43100
GBCI,20100422,17.28,17.93,17.24,17.69,1068900
GBDC,20100422,14.6,14.79,14.6,14.72,86100
GBNK,20100422,9.45,9.8,8.4,9,208800
GCBC,20100422,14.9,14.9,14.9,14.9,0
GENC,20100422,7.73,7.73,7.64,7.64,3200
GENE,20100422,1.25,1.35,1.24,1.34,8200
GERN,20100422,5.54,5.84,5.52,5.83,1755300
GFED,20100422,6.06,6.2,6.06,6.13,600
GFN,20100422,1.63,1.63,1.56,1.56,2600
GGAL,20100422,6.24,6.49,6.06,6.48,306500
GHDX,20100422,16.71,16.83,16.43,16.79,137200
GIFI,20100422,21.71,23.81,21.22,23.58,131600
GIGA,20100422,2.4,2.44,2.35,2.36,13700
GIGM,20100422,3.09,3.1,3.05,3.08,348700
GIII,20100422,28.23,29.39,28.2,29.37,155600
GILD,20100422,20.525,20.81,20.235,20.295,40249600
GILT,20100422,6.1,6.1,5.93,6,135400
GLAD,20100422,13.02,13.3,12.91,13.26,97400
GLBZ,20100422,10.65,10.65,10.65,10.65,0
GLDC,20100422,3.34,3.36,3.28,3.28,4000
GLDD,20100422,5.4,5.57,5.4,5.56,319700
GLNG,20100422,12.95,13.41,12.95,13.25,134900
GLRE,20100422,26.75,26.97,26.6,26.97,90900
GLUU,20100422,1.07,1.19,1.03,1.09,188700
GMCR,20100422,28.4667,29.5467,28.0933,29.3467,2058300
GNCMA,20100422,6.04,6.21,5.98,6.19,68800
GNTX,20100422,22.75,22.97,21.96,22.39,3668000
GNVC,20100422,7.2,7.2,7,7.1,2441700
GOLD,20100422,78,79.62,77.39,79.46,747000
GOOD,20100422,16.35,16.57,16.16,16.45,23300
GOODO,20100422,21.97,21.97,21.97,21.97,200
GOODP,20100422,22.5,22.5,22.5,22.5,1600
GOOG,20100422,276,276.25,271.675,273.53,3283600
GPIC,20100422,6.85,6.99,6.55,6.9,21300
GPOR,20100422,13.44,13.49,13.16,13.47,85100
GPRC,20100422,9.6,9.9,9.5,9.7,27300
GPRE,20100422,14.48,14.98,14.31,14.77,684400
GPRO,20100422,47.54,47.75,47.26,47.38,459800
GRID,20100422,31.61,31.88,31.34,31.88,3900
GRIF,20100422,29.7,30.18,29.66,30.18,1900
GRMN,20100422,36.63,37.55,36.36,37.53,1081300
GROW,20100422,9.77,10.16,9.77,10.01,106700
GRVY,20100422,2.16,2.25,2.16,2.25,103600
GSBC,20100422,23.7,23.9,23.07,23.49,11100
GSIT,20100422,5.77,6.2,5.63,6.1,377900
GSM,20100422,11.78,11.97,11.75,11.92,213300
GSOL,20100422,6.71,7.11,6.71,7.07,275500
GT,20100422,14.35,14.52,14.05,14.49,4064900
GTIM,20100422,1.11,1.34,1.06,1.07,17200
GTIV,20100422,29.89,30.12,29.31,29.6,194500
GTLS,20100422,25.88,25.99,25.1,25.75,149900
GTXI,20100422,3.33,3.38,3.22,3.33,87200
GUID,20100422,5.88,5.96,5.82,5.92,32900
GULF,20100422,16.23,16.45,16.23,16.39,2900
GYRO,20100422,41.98,41.98,41.98,41.98,0
HA,20100422,7.4,7.4,7.2,7.38,978000
HAFC,20100422,3.1,3.56,3.09,3.4,2162500
HAIN,20100422,19.07,19.96,19.07,19.6,669500
HALL,20100422,11.1,11.28,11.03,11.09,80400
HALO,20100422,8.39,8.45,8.26,8.36,395100
HAS,20100422,39.88,40.46,39.67,40.41,1113500
HAWK,20100422,18.98,19.33,18.64,19.26,57400
HAYN,20100422,35.74,37.24,35.61,36.99,41200
HBAN,20100422,6.68,6.98,6.56,6.89,54643900
HBANP,20100422,1025,1030,1009,1030,900
HBCP,20100422,13.84,14.06,13.77,14.05,13500
HBHC,20100422,43.1,43.25,42.35,42.98,379400
HBIO,20100422,4.33,4.45,4.27,4.45,54300
HBNC,20100422,9.7778,9.9555,9.7778,9.9333,2100
HBNK,20100422,9.85,10.05,9.63,10.05,14400
HBOS,20100422,12.31,12.35,12.31,12.35,200
HCBK,20100422,14.2,14.24,13.83,14.01,11404700
HCCI,20100422,10.34,10.36,10.27,10.3,3100
HCKT,20100422,2.86,2.96,2.86,2.95,80900
HCSG,20100422,14.4333,14.6533,14.4,14.6,211200
HDNG,20100422,9.5,9.61,9.5,9.59,21900
HDSN,20100422,2.33,2.45,2.28,2.32,50100
HEES,20100422,11.72,12.19,11.61,12.15,65500
HELE,20100422,27.72,28.65,27.7,28.6,88700
HEOP,20100422,4.08,4.08,3.7,3.7,6100
HERO,20100422,4.3,4.48,4.23,4.48,1543700
HFBC,20100422,11.97,13.89,11.97,13.39,13000
HFFC,20100422,10.6,10.8,10.55,10.8,3000
HFWA,20100422,15.32,15.54,15.32,15.54,21600
HIBB,20100422,27.1,28.02,27,28.02,90600
HIFS,20100422,36.49,36.49,36,36.25,2000
HIHO,20100422,2.41,2.47,2.4,2.47,2600
HILL,20100422,1.65,1.75,1.61,1.71,244400
HIMX,20100422,3.15,3.15,3.1,3.15,230500
HLIT,20100422,7.03,7.25,7.03,7.18,1099600
HMIN,20100422,34.27,35,33.85,34.99,481500
HMNF,20100422,5.9,6.12,5.89,6.04,48400
HMPR,20100422,46.25,46.25,44,44.25,83200
HMSY,20100422,17.5167,18.0333,17.5167,18.0333,181000
HNSN,20100422,2.39,2.39,2.3,2.34,405900
HOFT,20100422,16.27,16.6,16.2,16.48,47800
HOLI,20100422,11.14,11.41,11.01,11.37,68200
HOLX,20100422,18.13,18.3,17.94,18.19,2417700
HOMB,20100422,14.47,14.765,14.47,14.715,134300
HOVNP,20100422,10.06,10.7,10.06,10.67,22600
HPJ,20100422,5.05,5.19,5.01,5.15,87200
HSIC,20100422,60.37,61.23,59.87,61.12,507900
HSII,20100422,29.75,30.51,29.59,30.49,51100
HSKA,20100422,0.88,0.88,0.83,0.84,40400
HSNI,20100422,32.19,33.93,32.06,33.68,424200
HSTM,20100422,4.55,4.8,4.49,4.8,44700
HTBK,20100422,4.67,5.21,4.67,5.07,99600
HTCH,20100422,7.06,7.32,6.95,7.25,244300
HTHT,20100422,15.88,16.41,15.52,16.34,50800
HTLD,20100422,16.92,17.18,16.76,17.13,767500
HTLF,20100422,16.93,17.71,16.93,17.64,17400
HTWR,20100422,50.5,51,49.2,49.47,64500
HUBG,20100422,31.49,32.51,30.22,32.47,554700
HURC,20100422,19.58,19.82,19.19,19.77,17800
HURN,20100422,21.76,22.09,21.44,22.06,150400
HWAY,20100422,16.42,16.78,15.9,16.69,268300
HWBK,20100422,13.4,13.4,13.4,13.4,0
HWCC,20100422,12.37,13.63,12.35,13.61,150800
HWKN,20100422,26.49,27.48,25.92,27.46,18600
HYGS,20100422,4.73,4.79,4.2,4.28,188500
IACI,20100422,23.25,23.68,23.1,23.6,607500
IART,20100422,45.38,45.61,44.83,45.39,89600
IBB,20100422,90,90.15,88.9,89.99,670600
IBCA,20100422,4.75,5,4.75,4.93,7500
IBCP,20100422,1,1.95,1,1.46,6315500
IBKC,20100422,62.41,64.09,62.06,63.51,311000
IBKR,20100422,16.15,16.21,16.02,16.15,475600
IBOC,20100422,24.21,24.71,23.79,24.61,252800
ICAD,20100422,1.71,1.74,1.68,1.72,136800
ICCC,20100422,3.82,3.82,3.82,3.82,0
ICFI,20100422,23.97,24.28,23.89,24.07,132700
ICGE,20100422,10.62,11.01,10.48,10.97,273800
ICLN,20100422,18.7,19.16,18.51,19.03,37000
ICLR,20100422,27.56,27.65,26.89,27.24,596900
ICON,20100422,16.83,17.28,16.81,17.12,1276300
ICUI,20100422,33.6,34.28,33.14,34.22,146800
IDCC,20100422,29.62,29.75,29.25,29.51,551400
IDIX,20100422,4.72,4.76,4.4,4.76,228200
IDRA,20100422,6.78,6.78,6.45,6.52,26200
IDSA,20100422,11.0533,11.4333,11.0133,11.3933,59300
IDSY,20100422,3.05,3.08,3,3.04,13300
IDTI,20100422,6.84,7,6.68,6.98,2159500
IDXX,20100422,59.47,60.57,58.51,60.4,388800
IESC,20100422,5.79,6.06,5.75,6.05,33800
IFAS,20100422,28.79,28.96,28.6,28.96,2000
IFEU,20100422,28.05,28.05,27.89,27.89,2100
IFGL,20100422,28.83,28.95,28.61,28.94,117500
IFNA,20100422,37.11,37.83,36.87,37.83,18000
IFON,20100422,0.74,0.74,0.7,0.72,27200
IFSM,20100422,35.32,35.36,34.98,35.29,5800
IGLD,20100422,29,30.01,28.85,29.92,66600
IGOV,20100422,99.24,99.24,98.82,99.21,8800
IGTE,20100422,12.11,12.44,12.09,12.36,212800
III,20100422,3.46,3.5,3.46,3.5,35800
IIIN,20100422,11.1,11.47,10.75,10.99,128400
IIJI,20100422,5.81,6.04,5.81,6.03,11100
IILG,20100422,14.16,14.9,14.11,14.83,259600
IIN,20100422,4,4,3.75,3.79,4300
IIVI,20100422,16.945,17.23,16.735,17.205,48900
IKAN,20100422,2.91,3.22,2.86,3.12,1037000
IKNX,20100422,7.48,7.48,7.48,7.48,0
ILMN,20100422,37.04,37.51,36.7,37.23,2436700
IMGN,20100422,9.66,9.76,9.35,9.68,473400
IMKTA,20100422,16.58,16.77,16.49,16.76,24400
IMMR,20100422,5.89,6,5.72,5.98,74300
IMMU,20100422,3.72,3.73,3.61,3.63,655100
IMMY,20100422,3.75,4.95,3.75,4.95,2100
IMOS,20100422,1.14,1.25,1.12,1.14,2100600
INAP,20100422,5.71,5.88,5.66,5.88,154600
INCY,20100422,13.49,13.72,13.03,13.69,1902400
INDB,20100422,26.93,27.99,26.91,27.93,88500
INDY,20100422,27,27.33,26.83,27.33,137800
INFA,20100422,27.18,27.65,26.68,27.61,1098900
INFI,20100422,6.5,6.62,6.4,6.61,42000
INFN,20100422,9.94,10.07,9.77,10,884800
ININ,20100422,20.29,20.75,19.73,20.73,107200
INOD,20100422,3.83,3.86,3.7,3.84,63600
INPH,20100422,2.7,2.7,2.67,2.67,13500
INSM,20100422,1.1,1.11,1.06,1.11,326500
INTC,20100422,23.55,24.06,23.32,23.99,73666000
INTG,20100422,13.24,13.24,13.24,13.24,0
INTU,20100422,35.55,36,35.23,35.99,2590600
INTX,20100422,4.85,5.4,4.82,5.34,57300
INVE,20100422,17.1,17.9,17,17.9,6200
INWK,20100422,5.67,5.81,5.6,5.8,226600
IOSP,20100422,12.93,13.05,12.68,12.9,48100
IPAR,20100422,15.92,16.44,15.92,16.38,44300
IPAS,20100422,1.33,1.35,1.32,1.35,207000
IPCC,20100422,46.59,47.5,46.42,47.41,32900
IPCI,20100422,2.14,2.16,2.13,2.15,7000
IPCM,20100422,34.86,34.92,34.19,34.5,107200
IPGP,20100422,18,18.3,17.81,18.26,52700
IPHS,20100422,29.09,29.85,28.66,29.84,99400
IPXL,20100422,17.17,17.41,16.8,17.19,636000
IRBT,20100422,15.05,15.91,15.05,15.9,80300
IRDM,20100422,8.13,8.36,8.05,8.23,332200
IRDMZ,20100422,1.55,1.55,1.55,1.55,0
IRIX,20100422,4.19,4.36,4.1,4.22,7500
IRWD,20100422,14.19,14.3,13.76,13.97,225500
ISBC,20100422,5.3333,5.4353,5.302,5.3961,183800
ISCA,20100422,28.83,29.64,28.71,29.64,176900
ISHG,20100422,99.82,99.89,99.59,99.86,8700
ISIG,20100422,6.71,6.9,6.33,6.75,88700
ISIL,20100422,15.87,16.06,15.31,16.05,7736200
ISIS,20100422,10.66,10.76,10.51,10.7,976600
ISLE,20100422,11.15,11.84,11,11.81,350300
ISNS,20100422,13.41,13.45,13.41,13.45,2100
ISRG,20100422,364,373.66,360.5,368.73,687800
ISRL,20100422,64.72,68.72,64.72,67.7,300
ISSC,20100422,5.83,5.83,5.6,5.76,10200
ISSI,20100422,10.82,11.35,10.6,11.2,389900
ITIC,20100422,35.04,35.04,35.04,35.04,0
ITMN,20100422,45.03,46.98,44.27,46.49,1446000
ITRI,20100422,76.64,76.9,75.11,76.66,478400
ITRN,20100422,15.1,15.21,15.01,15.21,17400
IVAC,20100422,14.44,14.76,14.18,14.7,82200
IVAN,20100422,9.66,9.87,9.6,9.87,1181800
IXYS,20100422,9.61,9.61,8.98,9.15,218400
JACK,20100422,24.31,25.29,24.26,25.25,773700
JAKK,20100422,15.28,15.36,14.91,15,324900
JASO,20100422,29.4,29.85,28.85,29.8,4382300
JAXB,20100422,185.4,185.4,185.4,185.4,0
JAZZ,20100422,10.32,10.4,10.04,10.22,216700
JBHT,20100422,36.48,36.98,36.07,36.95,1125700
JBLU,20100422,6.42,6.68,6.3,6.45,8548600
JBSS,20100422,15.59,15.77,15.32,15.59,19400
JCOM,20100422,23.38,24.24,23.36,24.22,279600
JCS,20100422,12.91,13.03,12.9,13.02,3900
JCTCF,20100422,3.26,3.5,3.26,3.485,500
JDSU,20100422,13.41,13.75,13.21,13.71,4938600
JJSF,20100422,46.47,47.17,46.08,47.17,81000
JKHY,20100422,24.91,25.32,24.83,25.31,278400
JMBA,20100422,16.95,17.4,16.5,16.9,1423000
JOBS,20100422,9.09,9.095,8.32,8.6,253200
JOEZ,20100422,2.62,2.74,2.6,2.72,1617000
JOUT,20100422,11.27,11.27,11.21,11.21,200
JRJC,20100422,8.05,8.08,7.84,8,46200
JST,20100422,21.88,22.06,21.15,21.78,119300
JVA,20100422,4.88,4.88,4.85,4.87,10200
JXSB,20100422,13,13,11.66,12.09,9100
KALU,20100422,40.01,40.53,39.8,40.27,155000
KBALB,20100422,7.83,8.05,7.74,8.03,34100
KCAP,20100422,5.78,5.89,5.63,5.88,72500
KCLI,20100422,34.89,35.79,34.61,35.65,14400
KELYA,20100422,18.12,18.45,18,18.43,88700
KELYB,20100422,18.12,18.12,18.12,18.12,0
KEQU,20100422,13.68,13.68,13.56,13.64,9800
KERX,20100422,4.19,4.21,4.02,4.11,2534200
KFFB,20100422,10.36,10.36,10.35,10.35,300
KFRC,20100422,15.28,15.47,15.15,15.35,162100
KINS,20100422,2.75,2.87,2.75,2.87,2600
KIRK,20100422,23.64,24.41,23.6,24.27,249500
KLAC,20100422,33.15,34.55,32.61,34.45,5707100
KLIC,20100422,8.27,8.86,8.17,8.82,2447800
KNDI,20100422,4.87,4.96,4.75,4.93,47200
KONA,20100422,4.8,5,4.8,4.85,15900
KOOL,20100422,0.73,0.75,0.73,0.74,84100
KOPN,20100422,4.16,4.21,4.03,4.14,337000
KOSS,20100422,5.6,5.69,5.5,5.51,1900
KRNY,20100422,10.38,10.6,10.38,10.59,22600
KTCC,20100422,5.68,5.72,5.61,5.64,35300
KTEC,20100422,14.46,14.84,14.46,14.72,4600
KTOS,20100422,14.36,14.56,14.23,14.43,62700
KVHI,20100422,15.03,16.66,14.49,16.4,132600
KZ,20100422,7.75,7.8,7.56,7.69,89600
LABC,20100422,14.78,14.78,14.75,14.75,1400
LABL,20100422,12.29,12.4,12.08,12.38,25500
LACO,20100422,2.11,2.18,2.06,2.09,35300
LAKE,20100422,9.21,9.41,9.21,9.21,1800
LAMR,20100422,37.61,38.39,37.47,38.2,787800
LANC,20100422,60.83,61.21,60.49,61.14,37800
LARK,20100422,18,18,18,18,0
LAWS,20100422,14.87,15.33,14.7,15.24,18500
LAYN,20100422,27.71,28.16,27.21,28.16,94400
LBAI,20100422,10.24,10.49,10.2,10.49,45100
LBIX,20100422,2.36,2.43,2.34,2.42,4200
LBTYA,20100422,14.931,15.0434,14.7317,15.0179,1369000
LBTYB,20100422,29.05,29.31,29.05,29.31,300
LBTYK,20100422,28.95,29.2,28.61,29.13,151900
LCUT,20100422,14.13,14.38,14.13,14.3,33800
LECO,20100422,29.39,30.27,29.1,30.165,198300
LFUS,20100422,41.43,42,40.78,41.85,73400
LGCY,20100422,24,24.01,23.68,23.98,80900
LGND,20100422,10.74,10.98,10.56,10.98,338200
LHCG,20100422,36.55,36.55,35.27,35.97,196100
LIME,20100422,29.54,29.96,29.4,29.54,48200
LINC,20100422,27.76,27.76,27.25,27.32,241300
LINE,20100422,26,26.35,25.82,26.3,890400
LINTA,20100422,15.97,16.47,15.81,16.43,4546400
LINTB,20100422,16.34,16.49,16.34,16.34,700
LION,20100422,7.95,8.12,7.78,8.12,25500
LIOX,20100422,5.4,5.42,4.96,5.18,2611800
LIVE,20100422,0.2,0.2,0.1933,0.1933,1700
LKFN,20100422,20.63,21.21,20.63,21.18,25100
LLNW,20100422,4.07,4.07,3.97,4.04,110500
LLTC,20100422,30.4,31,29.83,30.96,4678500
LMAT,20100422,4.7,4.78,4.7,4.78,5100
LMCA,20100422,44.04,44.32,43.43,44.16,532100
LMIA,20100422,17.19,17.99,16.89,17.6,104900
LMNX,20100422,16.6,16.7,16.32,16.68,103000
LNBB,20100422,5.3,5.38,5.13,5.28,9800
LNCE,20100422,23.53,23.73,23.43,23.69,66500
LNDC,20100422,6.6,6.6,6.42,6.56,74100
LOAN,20100422,1.24,1.24,1.22,1.24,3800
LOCM,20100422,7.15,7.32,7.07,7.25,112600
LOGI,20100422,16.9,17.19,16.7,17.16,2726400
LOGM,20100422,21.3,21.59,21.22,21.34,66600
LOJN,20100422,4.41,4.41,4.18,4.23,20700
LONG,20100422,11.79,11.84,11.52,11.63,7600
LOOK,20100422,3.42,3.6,3.39,3.54,80400
LOPE,20100422,26.83,26.84,25.45,26.66,471700
LORL,20100422,39.3,39.73,39.01,39.7,15400
LPHI,20100422,19.024,19.392,18.984,19.352,65200
LPNT,20100422,37.86,38.3,37.23,38.17,345400
LPSB,20100422,6.85,6.89,6.85,6.89,700
LPSN,20100422,8.52,8.89,8.37,8.89,178100
LPTH,20100422,2.6,2.6,2.47,2.47,46200
LQDT,20100422,11.51,11.74,11.34,11.72,24800
LRAD,20100422,1.69,1.7,1.67,1.69,84200
LRCX,20100422,39.65,42.49,38.62,42.19,5108800
LSBI,20100422,11.02,11.02,11.02,11.02,500
LSBK,20100422,8.5,8.5,8.4,8.4,400
LSCC,20100422,4.29,4.55,4.12,4.55,4224000
LSTR,20100422,44.4,45.21,43.99,45.13,523800
LTBR,20100422,6.45,6.5,6.36,6.45,21500
LTRE,20100422,16.19,16.35,16.01,16.35,5700
LTRX,20100422,3.85,3.95,3.85,3.95,5500
LULU,20100422,20.405,21.285,20.4,21.115,1390900
LUNA,20100422,2.2,2.2,2.17,2.18,13400
LWAY,20100422,10.98,11.24,10.98,11.16,18100
LXRX,20100422,1.53,1.54,1.51,1.54,845400
LYTS,20100422,6.6,6.94,6.43,6.89,110600
MAGS,20100422,3.92,3.92,3.75,3.82,3300
MANH,20100422,7.5925,7.91,7.5625,7.71,376200
MANT,20100422,49.69,50.16,49.3,49.99,129400
MARPS,20100422,18.72,18.72,18.25,18.25,1600
MASI,20100422,24.27,24.41,23.82,23.87,448800
MAT,20100422,23.46,23.66,23.16,23.43,4366200
MATW,20100422,35.87,35.87,34.78,35.24,150300
MAYS,20100422,17.16,17.16,17.16,17.16,0
MBFI,20100422,24.9,26.54,24.87,26.38,434900
MBLX,20100422,12.91,14.52,12.78,14.42,320600
MBRG,20100422,17,17,16.65,16.99,14900
MBTF,20100422,1.75,2.1,1.71,1.95,523200
MBVT,20100422,23.31,23.94,22.76,23.88,11200
MBWM,20100422,6,6.22,5.83,6,9000
MCBC,20100422,1.98,2.15,1.91,2,84600
MCGC,20100422,6.54,6.66,6.46,6.65,329600
MCHP,20100422,29.73,30.51,29.38,30.48,3585800
MCHX,20100422,5.05,5.13,4.92,4.97,279200
MCRI,20100422,10.66,11.48,10.66,11.16,93400
MCRL,20100422,11.65,12.31,11.38,12.31,981100
MCRS,20100422,34.66,35.11,34.31,35.02,456500
MDAS,20100422,21.77,22.22,21.5,22.09,671100
MDCA,20100422,11.96,12.45,11.91,12.28,180000
MDCI,20100422,13,13,12.49,12.84,42800
MDCO,20100422,8.15,8.21,7.67,7.7,1086600
MDRX,20100422,21.48,21.51,21.1,21.4,797800
MDSO,20100422,7.725,7.725,7.585,7.6,283400
MDVN,20100422,5.42,5.535,5.355,5.505,492600
MEAS,20100422,16.45,17.16,16.45,17.14,99300
MELA,20100422,75.7,77.1,74.1,76.6,204800
MELI,20100422,50.76,51.97,49.68,51.87,647800
MENT,20100422,9.38,9.39,9.16,9.38,1158400
MEOH,20100422,24.34,24.43,24.08,24.37,266700
MERC,20100422,5.18,5.35,5.18,5.3,356900
MERU,20100422,17.49,17.77,17.25,17.69,12300
METR,20100422,14.01,14.25,13.94,14.2,42900
MFI,20100422,3.86,3.95,3.78,3.9,54400
MFLX,20100422,25.56,25.99,25.25,25.98,51600
MFNC,20100422,5,5,4.99,5,9100
MFRI,20100422,6.94,6.99,6.87,6.95,21700
MFSF,20100422,7.23,7.75,7.23,7.65,20600
MGAM,20100422,4.51,4.64,4.43,4.45,290700
MGEE,20100422,24.1,24.4,24.1,24.3867,25400
MGIC,20100422,2.56,2.56,2.44,2.55,43700
MGLN,20100422,42.22,42.52,41.47,42.4,222200
MGPI,20100422,7.91,8.04,7.85,7.89,23100
MGRC,20100422,25.73,26.66,25.56,26.5,44200
MGYR,20100422,3.8,3.8,3.8,3.8,0
MHGC,20100422,7.33,8.31,7.25,8.1,1088900
MHLD,20100422,7.47,7.58,7.41,7.58,188700
MIDD,20100422,20,20.53,19.81,20.5167,123700
MIND,20100422,6.86,7.5,6.86,7.46,56100
MINI,20100422,16.81,17.42,16.7,17.25,908000
MITL,20100422,12.75,13.08,12.06,12.3,5993500
MKSI,20100422,22.05,24,21.62,23.96,1758700
MKTX,20100422,16.77,17.41,16.67,17.3,80300
MLAB,20100422,25.51,25.8,25.51,25.8,1200
MLHR,20100422,20.92,22.5,20.77,22.37,1261900
MLNK,20100422,8.83,9.12,8.83,9.12,177500
MLNX,20100422,25.28,27.48,25.01,27,1127400
MLVF,20100422,9.7,9.7,9.7,9.7,0
MMLP,20100422,32,32.25,31.5,32.1,64400
MMSI,20100422,12.792,12.928,12.704,12.88,127100
MNDO,20100422,2.24,2.25,2.09,2.21,304500
MNKD,20100422,6.1,6.33,5.9,6.26,1298900
MNOV,20100422,6.38,6.46,6.38,6.43,2500
MNRK,20100422,7.05,7.0833,6.775,7.0667,10500
MNRO,20100422,24.86,25.9,24.7533,25.8267,251400
MNST,20100422,20.555,20.72,20.42,20.66,479600
MNTA,20100422,14.7,14.73,14.03,14.09,338100
MNTG,20100422,1.97,2.1,1.92,2.1,152600
MNTX,20100422,2.42,2.45,2.42,2.44,53700
MOCO,20100422,11.05,11.38,11.05,11.38,3000
MOFG,20100422,13.78,13.83,13.5,13.78,9000
MORN,20100422,49.16,50.3,49.06,50.29,42700
MOSY,20100422,4.38,4.49,4.3,4.42,26000
MOVE,20100422,8.76,8.8,8.28,8.64,1535500
MPAA,20100422,6.31,6.47,6.2,6.47,22300
MPB,20100422,9.75,9.75,9.75,9.75,0
MPEL,20100422,4.81,4.95,4.73,4.9,5327900
MPET,20100422,2.07,2.17,2.07,2.12,190300
MPWR,20100422,24.14,24.7,23.92,24.61,277200
MRCY,20100422,13.94,14.15,13.57,14.1,88300
MRGE,20100422,2.71,2.78,2.71,2.76,194800
MRLN,20100422,12.42,12.61,12.42,12.45,15600
MRTN,20100422,14.5533,14.9,14.4,14.8267,105200
MRVL,20100422,21.4,21.9,20.96,21.81,13804000
MSBF,20100422,8,8,8,8,600
MSCC,20100422,16.98,17.9,16.67,17.88,1270300
MSEX,20100422,17.62,17.99,17.52,17.97,19600
MSFG,20100422,7.97,8.3,7.76,8.27,18600
MSFT,20100422,31.04,31.53,30.9,31.39,84847500
MSG,20100422,21.73,21.81,21.57,21.68,94300
MSON,20100422,2.1,2.24,2.1,2.15,12900
MSTR,20100422,86.52,87.54,85.5,87.49,49600
MTEX,20100422,39.3,39.6,38.1,39.1,22100
MTRX,20100422,11.21,11.43,11.1,11.28,175600
MTSC,20100422,30.15,30.68,29.79,30.57,65800
MTSL,20100422,1.63,1.63,1.63,1.63,0
MTSN,20100422,4.89,5.24,4.53,5.18,1750600
MU,20100422,10.61,11.01,10.41,10.93,31721100
MVIS,20100422,26.96,27.76,26.8,27.68,293900
MWIV,20100422,42.84,43.48,42.51,43.35,44000
MXIM,20100422,20.18,20.6,19.84,20.55,3038700
MXWL,20100422,13.14,13.64,13.01,13.64,79500
MYGN,20100422,22.29,22.68,21.87,22.48,1242600
MYL,20100422,22.08,22.18,21.7,21.96,9234400
MYRG,20100422,17.43,17.67,17.43,17.56,96700
NAII,20100422,7.48,7.53,7.48,7.53,1900
NANO,20100422,10.41,10.79,10.15,10.61,330100
NASB,20100422,23.5,24.86,23.45,24.86,5300
NATH,20100422,15.28,15.3,15.25,15.3,3400
NATI,20100422,23.6333,24.5133,23.4333,24.4133,223600
NATL,20100422,19.79,20.14,19.71,20.13,18000
NATR,20100422,11.93,12.56,11.93,11.97,20400
NAVG,20100422,40.98,41.4,40.82,41.38,51600
NAVI,20100422,2.83,2.93,2.8,2.88,33100
NBBC,20100422,4.39,5,4.3,4.86,80300
NBIX,20100422,3.21,3.51,3.15,3.38,394300
NBN,20100422,13.01,13.01,13.01,13.01,1000
NBS,20100422,20.9,21.1,19.3,20.9,256800
NBTB,20100422,25.15,25.74,24.94,25.68,72600
NBTF,20100422,17.46,17.46,17.46,17.46,0
NCIT,20100422,27.87,28.95,27.75,28.73,64200
NCMI,20100422,19.25,19.69,19.25,19.56,300000
NCTY,20100422,6.89,6.89,6.7,6.75,36200
NDAQ,20100422,21.58,22.26,21.45,22.26,3638800
NDSN,20100422,36.2,37.97,35.93,37.79,297500
NECB,20100422,6.26,6.47,6.19,6.2,2500
NEOG,20100422,17.52,17.7333,17.2533,17.7267,42800
NEPT,20100422,2.21,2.21,2.21,2.21,100
NEWP,20100422,13.66,14,13.5,13.97,73200
NEWS,20100422,7.15,7.43,7.15,7.42,121800
NEWT,20100422,1.3,1.31,1.24,1.27,24000
NFBK,20100422,14.69,14.94,14.5,14.93,16500
NFLX,20100422,91,102.49,90.65,100.25,12926400
NGPC,20100422,8,8.06,7.89,8.06,46200
NHTB,20100422,11.16,11.42,10.8,11.07,5800
NICE,20100422,32.37,32.89,32.27,32.77,67400
NICK,20100422,8.25,8.48,8.25,8.41,11900
NIHD,20100422,40.07,40.4,39.23,40.04,2886500
NILE,20100422,55.31,57.16,55.31,56.51,158900
NKSH,20100422,26.99,27.42,26.94,27.42,3700
NKTR,20100422,14.39,14.52,14.15,14.5,407700
NLST,20100422,3.15,3.3,3.05,3.24,346900
NMRX,20100422,4.48,4.87,4.48,4.5,4700
NNBR,20100422,6.95,6.95,6.75,6.9,22100
NOVB,20100422,2.09,2.26,2.09,2.2,14200
NPBC,20100422,7.84,8.17,7.79,8.1,1302100
NPSP,20100422,6.37,6.55,6.28,6.38,681800
NRIM,20100422,17.1,17.34,17.1,17.34,12700
NSEC,20100422,13.31,13.31,13.31,13.31,0
NSIT,20100422,15.7,16.04,15.48,16,114600
NSPH,20100422,5.72,6.01,5.63,6,84100
NSSC,20100422,2.42,2.58,2.42,2.51,26800
NSYS,20100422,3.75,3.75,3.75,3.75,1100
NTAP,20100422,34.82,35.5,34.47,35.35,3592400
NTCT,20100422,15.56,15.89,15.39,15.84,137200
NTES,20100422,35.54,36.54,35.02,36.44,793200
NTGR,20100422,28.58,28.58,26.46,28.04,1192100
NTIC,20100422,9.1,9.77,9.1,9.77,1900
NTLS,20100422,19.55,19.77,19.3,19.72,79200
NTRI,20100422,19.57,20.45,19.46,20.24,698600
NTRS,20100422,54.63,55.73,53.88,55.63,3197500
NTWK,20100422,8.4,8.5,8.1,8.5,324400
NUAN,20100422,17.9,18.45,17.54,18.41,4444300
NUCL,20100422,40.18,40.4,40.18,40.36,800
NURO,20100422,9.96,10.14,9.9,9.9,14200
NUTR,20100422,14.8,14.98,14.72,14.98,7900
NUVA,20100422,42.73,43.13,41.37,42.05,748200
NVAX,20100422,2.68,2.88,2.63,2.86,7736800
NVDA,20100422,16.33,16.72,16.1,16.67,16423900
NVEC,20100422,47.48,48.12,46.71,47.78,40300
NVGN,20100422,1.9,2,1.9,1.97,7800
NVMI,20100422,6,6.15,5.9,6.04,144400
NVSL,20100422,6.89,6.9,6.89,6.9,1200
NVTL,20100422,7.01,7.13,6.85,7.08,664600
NWBI,20100422,11.91,12.55,11.79,12.5,1170000
NWFL,20100422,27.5,27.73,27.5,27.69,3300
NWLI,20100422,187.59,190,187.59,190,1100
NWPX,20100422,23.62,24.98,23.44,24.95,80300
NWS,20100422,18.32,18.53,18.04,18.52,4233400
NWSA,20100422,15.92,16.1,15.63,16.06,18787200
NXST,20100422,6.74,6.99,6.68,6.94,58100
NXTM,20100422,12,12.06,11.9,11.98,133200
NYMT,20100422,7.67,7.71,7.61,7.71,23700
NYMX,20100422,3.4,3.44,3.36,3.42,39900
NYNY,20100422,1.97,2.09,1.93,2.06,152900
OABC,20100422,11.63,11.75,11.63,11.75,52200
OBAF,20100422,10.9,10.99,10.9,10.95,9900
OBAS,20100422,7.5,7.5,7.45,7.5,1300
OBCI,20100422,1.97,2.09,1.91,2.05,91600
OCFC,20100422,12.53,12.68,12.3,12.62,29700
OCLR,20100422,13.2,13.4,12.85,13.4,286400
OCLS,20100422,15.33,15.54,14.91,15.47,60800
ODFL,20100422,16.1289,16.4222,15.8711,16.36,408000
OFIX,20100422,36.17,36.64,35.88,36.34,124700
OFLX,20100422,11.87,12.55,11.73,12,12900
OGXI,20100422,22.07,22.65,22.05,22.28,27600
OIIM,20100422,7.36,7.48,7.3,7.43,72000
OKSB,20100422,14.62,15.54,14.1,15.45,137900
OLBK,20100422,7.5,7.51,7.5,7.51,300
OMAB,20100422,15.31,15.78,15.17,15.76,22500
OMCL,20100422,14.45,14.93,14.38,14.86,163200
OMER,20100422,5.92,5.92,5.76,5.91,45400
OMEX,20100422,1.35,1.37,1.31,1.37,344300
ONCY,20100422,3.01,3.01,2.92,2.94,26600
ONEQ,20100422,98.49,99.44,97.33,99.35,13500
ONFC,20100422,9.73,9.75,9.45,9.75,1600
ONNN,20100422,8.3,8.55,8.12,8.52,9825600
ONTY,20100422,3.92,3.92,3.62,3.65,235900
ONVI,20100422,7.62,7.98,7.6,7.98,1400
OPHC,20100422,3.32,3.36,3.2,3.36,1500
OPLK,20100422,19.24,19.42,19.01,19.36,74800
OPOF,20100422,14.69,14.79,14.65,14.68,2800
OPTT,20100422,6.88,7.33,6.56,7.2,412400
OPXA,20100422,9.92,9.92,9.48,9.68,154500
ORBC,20100422,2.18,2.2,2.15,2.15,25000
ORBK,20100422,11.78,12.18,11.62,12.12,150400
ORBT,20100422,3.69,3.73,3.69,3.71,4200
OREX,20100422,6.25,6.54,6.2,6.5,473800
ORIT,20100422,16.29,16.72,16.1,16.62,20200
ORLY,20100422,44.51,46.15,44.5,46.03,2210800
ORRF,20100422,26.14,26.49,25.9,26.49,28500
OSBC,20100422,6.25,6.48,6.22,6.35,28700
OSBCP,20100422,7.4,7.5,7.4,7.5,900
OSHC,20100422,11.28,11.56,11.02,11.46,9700
OSIR,20100422,7.49,7.79,7.33,7.79,64500
OSIS,20100422,28.84,29.6,28.43,29.43,351500
OSTK,20100422,19.85,20.99,19.6,20.89,461300
OSUR,20100422,6.5,6.56,6.19,6.5,91700
OTEX,20100422,24.405,24.54,24.29,24.465,199700
OTIV,20100422,2.6,2.65,2.53,2.53,68800
OTTR,20100422,22.31,22.76,22.19,22.73,237000
OVBC,20100422,20.64,20.95,20.4,20.49,2700
OVLY,20100422,4.4,4.4,4.4,4.4,0
OVRL,20100422,15.45,15.5,15,15.05,29500
OVTI,20100422,18.5,19,18.07,18.98,1051600
OXBT,20100422,101,101,100.6,100.8,11600
OXGN,20100422,14.04,14.52,13.92,14.4,224400
OZRK,20100422,9.48,9.6075,9.3275,9.5675,81600
PAAS,20100422,25.4,25.73,25.05,25.73,1188500
PACW,20100422,23.62,24.98,23.55,24.59,393700
PAGG,20100422,25.81,26.22,25.78,26.22,15200
PATK,20100422,3.28,3.44,3.27,3.44,2800
PATR,20100422,28.3867,28.3867,28.3867,28.3867,0
PAYX,20100422,31.25,31.55,31.02,31.52,2167900
PBCT,20100422,16.12,16.17,15.95,16.03,5564700
PBHC,20100422,6.82,6.84,6.25,6.25,5000
PBIB,20100422,14.16,14.5,14.16,14.5,3900
PBIP,20100422,7.81,8.19,7.8,8.03,9700
PCAR,20100422,45.3,46.58,45.01,46.43,2824100
PCBK,20100422,11.33,11.64,11.07,11.64,33900
PCCC,20100422,6.71,6.8,6.64,6.75,24300
PCLN,20100422,251.64,258.98,248.64,258.31,733900
PCTI,20100422,6.7,7.11,6.66,7.07,50700
PCYC,20100422,7.85,8.12,7.7,8.04,196900
PCYO,20100422,2.65,2.67,2.58,2.6,17000
PDCO,20100422,31.84,32.2,31.56,32.12,1054700
PDEX,20100422,0.55,0.57,0.55,0.55,14900
PDFS,20100422,4.8,5.17,4.38,4.83,209500
PDII,20100422,7.56,8.24,7.56,8.08,32800
PDLI,20100422,6.5,6.57,6.39,6.5,3598300
PEBK,20100422,7,7.11,6.9,6.9,19500
PEBO,20100422,17.36,18.54,17.07,18.54,33900
PEGA,20100422,19.275,19.83,19.21,19.645,159700
PEIX,20100422,17.4,17.7,16.8,17.55,968600
PENN,20100422,30,30.68,29.76,30.24,1790400
PENX,20100422,9.87,10.03,9.59,9.73,42100
PERF,20100422,9.09,9.09,8.53,8.56,12100
PERY,20100422,25.6,26.62,25.41,26.56,76400
PESI,20100422,11.15,11.4,11.15,11.2,103600
PETM,20100422,32.56,33.98,32.47,33.82,2104400
PETS,20100422,23.15,24.63,22.92,24.5,339100
PFBC,20100422,1.83,2.25,1.77,1.99,408200
PFBI,20100422,9.8,10.2,9.8,10.2,10100
PFBX,20100422,15.72,15.86,15.32,15.86,2600
PFIN,20100422,2.4,2.4,2.3,2.35,1300
PFSW,20100422,4.4,4.76,4.32,4.65,620500
PGC,20100422,14.05,14.19,13.92,14.06,15000
PGNX,20100422,5.76,6.38,5.73,6.29,338700
PGTI,20100422,2.58,2.63,2.55,2.63,48100
PHII,20100422,20.55,21.85,20.46,21.61,38100
PHIIK,20100422,20.82,22.03,20.57,21.78,93200
PHMD,20100422,8.63,8.75,8.42,8.68,5700
PICO,20100422,37.4,37.62,36.48,37.43,69600
PKBK,20100422,10.99,10.99,10.22,10.78,1200
PKOH,20100422,11.55,13.26,11.43,12.98,76600
PLAB,20100422,5.45,5.7,5.41,5.69,361600
PLBC,20100422,2.6,2.65,2.6,2.65,5800
PLCE,20100422,47.77,49.57,47.51,49.2,471200
PLCM,20100422,15.88,16.5,15.485,16.345,4176900
PLNR,20100422,3.41,3.52,3.35,3.35,22400
PLPC,20100422,37.19,38.4,36.65,38,20300
PLTM,20100422,32.38,32.8,32.2,32.67,7300
PLUG,20100422,0.62,0.66,0.62,0.66,336800
PLUS,20100422,17.69,17.99,17.69,17.9,9400
PLXS,20100422,38.5,39,37.87,38.9,238700
PLXT,20100422,5.75,5.9,5.58,5.85,248700
PMBC,20100422,4.86,5.15,4.8,5.01,39700
PMCS,20100422,9.26,9.47,9.07,9.47,8224800
PMD,20100422,7.95,7.98,7.81,7.81,5400
PMFG,20100422,13.62,13.83,13.47,13.78,9400
PNBK,20100422,1.86,2.79,1.86,2.68,100300
PNFP,20100422,15.86,16.29,15.58,16.26,370000
PNNT,20100422,11.23,11.53,11.15,11.52,221600
PNQI,20100422,28.31,28.85,28.31,28.83,2500
PNRA,20100422,85.07,88.68,84.7,87.77,897400
PNRG,20100422,24.12,25.16,24.11,25.16,7100
PNTR,20100422,6.55,6.55,6.55,6.55,200
PODD,20100422,15.3,15.45,15.06,15.44,100700
POOL,20100422,24.59,25.46,24.27,25.32,947600
POPE,20100422,27,27.16,27,27,900
POWI,20100422,42.61,43.83,41.75,43.68,137900
POWL,20100422,34.76,35.08,34.09,35.06,30000
POZN,20100422,10.9,11.11,10.7,11.1,727700
PPBI,20100422,5.16,5.42,4.97,5.19,11500
PPHM,20100422,3.9,3.9,3.76,3.86,236600
PRAA,20100422,20.01,21.1933,20.0033,21.0367,145700
PRAN,20100422,1.75,1.88,1.67,1.72,575200
PRCP,20100422,4.55,4.55,4.23,4.49,5300
PRFT,20100422,12.22,12.5,12.07,12.49,56800
PRFZ,20100422,60.05,61.46,59.78,61.46,36100
PRGS,20100422,21.1867,21.6,21.1,21.5933,208800
PRGX,20100422,6.36,6.57,6.22,6.51,48300
PRIM,20100422,8.16,8.22,8.15,8.22,9000
PRKR,20100422,1.78,1.82,1.75,1.81,204000
PRLS,20100422,2.93,2.98,2.91,2.97,14400
PROV,20100422,5.28,5.82,5.25,5.78,56600
PRSC,20100422,16.81,17.14,16.73,17,80200
PRTS,20100422,7.69,7.77,7.52,7.75,28100
PRXI,20100422,1.48,1.5,1.48,1.5,18700
PRXL,20100422,24.1,24.81,23.85,24.7,397600
PSAU,20100422,39.01,39.8,39.01,39.8,4100
PSBH,20100422,5.1,5.1,5.1,5.1,0
PSDV,20100422,4.99,5,4.75,4.89,89000
PSEC,20100422,11.84,11.92,11.7,11.91,517200
PSEM,20100422,11.22,11.45,11.02,11.43,91600
PSMT,20100422,24.95,25.15,24.95,25.15,31700
PSTI,20100422,1.21,1.25,1.2,1.2,33400
PSTR,20100422,9.8,9.96,9.53,9.79,20100
PSUN,20100422,5.44,5.6,5.34,5.6,865400
PTEK,20100422,1.08,1.08,0.98,1.06,258100
PTEN,20100422,15.07,15.75,15.07,15.56,8069800
PTIE,20100422,6.45,6.55,6.22,6.54,105700
PTNR,20100422,20.64,20.67,20.47,20.55,50000
PTRY,20100422,14.75,15.29,14.7,15.29,115000
PTSI,20100422,14.6,15.09,14.6,14.91,12400
PTSX,20100422,2.2,2.2,2.17,2.2,7500
PULB,20100422,7.99,8,7.93,7.93,1900
PVTB,20100422,16.16,17.56,16.08,17.42,1252300
PVTBP,20100422,26,26.1,25.9,26.07,5100
PWOD,20100422,32.3,33.72,32.3,33.51,3000
PWRD,20100422,35.53,35.53,34.8,35.05,466200
PWX,20100422,12.48,12.48,11.81,12.44,2800
PXLW,20100422,5.38,5.63,5.26,5.62,183200
PZZA,20100422,13.92,14.355,13.9,14.25,201300
PZZI,20100422,2.02,2.02,1.91,1.92,4300
QABA,20100422,27.29,28.05,27.29,27.99,3600
QBAK,20100422,1.9,1.91,1.86,1.86,3100
QCCO,20100422,5.38,5.41,5.32,5.41,16100
QCLN,20100422,16.13,16.51,16.01,16.51,3400
QCOM,20100422,39.75,40.35,38.88,39.33,96916500
QCOR,20100422,8.2,8.26,7.84,8.17,572700
QCRH,20100422,10.13,10.22,10.06,10.19,21200
QDEL,20100422,14.84,14.86,14.65,14.66,108000
QGEN,20100422,23.52,23.52,23.13,23.2,1269100
QKLS,20100422,149.52,151.92,146.64,150.24,54200
QLGC,20100422,21.38,22.18,21.13,22.13,2222400
QLTI,20100422,6.67,6.67,6.3,6.39,391300
QLTY,20100422,7.8,7.94,7.59,7.77,254600
QNST,20100422,15.49,16.2,15.28,16.1,70300
QQEW,20100422,21.58,22,21.56,22,11100
QQQ,20100422,49.57,50.36,49.26,50.31,110477100
QQQX,20100422,14.14,14.25,13.99,14.25,58900
QQXT,20100422,19.6,19.9,19.51,19.9,15800
QSII,20100422,32.035,33.07,31.695,33.065,331500
QTEC,20100422,22.8,23.22,22.55,23.2,105300
QTWW,20100422,2.84,2.96,2.8,2.92,675200
QUIK,20100422,3.76,3.86,3.62,3.75,416200
RADA,20100422,2.37,2.44,2.35,2.42,8300
RAIL,20100422,28.39,29.51,28.05,29.45,193200
RAND,20100422,3.48,3.48,3.48,3.48,0
RAVN,20100422,15.25,15.6,15.14,15.585,14800
RBCAA,20100422,21.03,23.7,21.03,23.45,87800
RBCN,20100422,26.48,26.92,26.09,26.87,184500
RBPAA,20100422,3.77,3.95,3.22,3.91,55100
RCII,20100422,24.04,24.69,23.89,24.52,1026700
RCKY,20100422,10.16,10.38,10.16,10.34,4400
RCMT,20100422,3.5,3.55,3.4,3.55,30700
RCON,20100422,6.05,6.14,5.82,6,22300
RDCM,20100422,4.4,5.1,4.22,4.72,154200
RDEN,20100422,18.06,18.2,17.47,18.19,247000
RDI,20100422,4.38,4.5,4.35,4.44,39000
RDNT,20100422,3.4,3.65,3.39,3.62,178400
RDWR,20100422,11.165,11.375,10.965,11.325,136800
RECN,20100422,19.02,19.13,18.76,19,401700
REDF,20100422,2.98,3.04,2.9,2.94,33000
REFR,20100422,3.18,3.7,3.18,3.58,69900
REGN,20100422,24.27,24.92,23.72,24.56,490000
REIS,20100422,5.75,5.75,5.64,5.75,27500
RELL,20100422,11.45,11.82,11.11,11.69,172200
RELV,20100422,2.93,3,2.85,2.97,7400
RENT,20100422,21.62,22.5,21.36,22.43,16000
REXI,20100422,5.94,6.16,5.89,6.15,12400
REXX,20100422,12.46,12.72,12.35,12.6,355200
RFIL,20100422,2.535,2.535,2.535,2.535,100
RFMD,20100422,5.18,5.44,5.15,5.37,13851400
RGCO,20100422,15.825,15.825,15.825,15.825,300
RGDX,20100422,2.2,2.2,2.09,2.11,3700
RGEN,20100422,3.72,3.72,3.65,3.7,41400
RGLD,20100422,47.21,48.18,46.94,48.07,545300
RICK,20100422,12.26,13.1,12.18,12.97,195700
RIGL,20100422,8.22,8.38,8,8.27,196500
RITT,20100422,2,2.01,2,2,3700
RIVR,20100422,14,14,14,14,200
RJET,20100422,6.23,6.48,6.14,6.44,524000
RLOG,20100422,4.99,4.99,4.99,4.99,0
RMBS,20100422,22.78,23.59,22.5,23.52,1790200
RMCF,20100422,9.64,9.64,9.38,9.62,5600
RMTI,20100422,5.95,6.07,5.82,5.99,47100
RNST,20100422,16.98,17.2,16.73,17.09,84300
RNWK,20100422,4.42,4.48,4.38,4.46,223400
ROCK,20100422,13.98,15.12,13.82,15.04,167100
ROIA,20100422,4.69,4.94,4.69,4.94,7500
ROIAK,20100422,4.7,5,4.51,4.95,297900
ROIC,20100422,9.88,9.9,9.82,9.86,190600
ROICW,20100422,0.85,0.85,0.77,0.8,45900
ROLL,20100422,32.95,33.12,32.71,33.04,89700
ROSE,20100422,22.82,23.25,22.35,23.03,446500
ROSG,20100422,31.95,32.85,31.95,32.25,60300
ROST,20100422,28.5,29.275,28.37,29.2,2052100
ROVI,20100422,37.26,38.5,36.77,38.47,1054700
ROYL,20100422,2.45,2.52,2.4,2.47,49900
RPRX,20100422,0.74,0.77,0.72,0.72,626200
RPTP,20100422,1.85,1.88,1.66,1.78,184000
RRD,20100422,22.24,22.33,22.06,22.26,3160200
RRGB,20100422,26.18,27.68,26.18,27.47,1279400
RRST,20100422,11.34,11.37,11.25,11.31,9400
RSTI,20100422,24.5,25.24,24.23,25.2,147200
RSYS,20100422,9.4,9.99,9.4,9.97,117700
RTIX,20100422,4.23,4.3,4.21,4.28,92900
RUSHA,20100422,16.06,16.28,15.83,16.13,241000
RUSHB,20100422,13.99,14.29,13.99,14,42800
RUTH,20100422,5.64,6.1,5.61,6.01,436200
RVBD,20100422,14.2,14.64,13.865,14.53,2443400
RVSB,20100422,2.61,3.49,2.61,3.47,152900
RXII,20100422,4.29,4.39,4.26,4.32,50200
RYAAY,20100422,28.93,29.14,28.54,28.59,407900
SAAS,20100422,3.04,3.12,3.01,3.1,77300
SAFM,20100422,57.95,58.22,57.46,57.8,191100
SAFT,20100422,37.75,38.43,37.7,38.3,24100
SAIA,20100422,9.84,10.0467,9.84,9.9933,90000
SALM,20100422,5.24,5.49,5.19,5.46,15500
SANM,20100422,18.16,18.71,17.85,18.66,1128100
SAPE,20100422,10,10.44,9.96,10.44,691000
SASR,20100422,17.27,17.86,16.34,17.21,116200
SATS,20100422,19.32,19.65,19.18,19.61,59200
SBAC,20100422,35.2,35.94,34.75,35.79,1521200
SBBX,20100422,6.07,6.11,6.01,6.01,2200
SBCF,20100422,11,11.15,9.7,9.8,4764800
SBGI,20100422,7.36,7.65,7.2,7.61,539400
SBLK,20100422,42.75,43.2,42.6,43.05,160300
SBNY,20100422,38.62,40.14,38.62,39.94,216600
SBNYW,20100422,18.8,19.18,18.8,19.18,14400
SBSA,20100422,1.1,1.35,1.06,1.27,2650400
SBSI,20100422,20.7143,20.9524,20.6762,20.9143,41500
SBUX,20100422,25.98,27.45,25.67,27.25,31050400
SCHL,20100422,28.09,28.91,27.88,28.83,182600
SCHN,20100422,53.76,55.51,53,55.43,866200
SCLN,20100422,4.11,4.19,4.06,4.16,278200
SCMP,20100422,3.8,3.8,3.74,3.79,37500
SCOK,20100422,23.3,23.3,22.5,22.89,26400
SCON,20100422,33.6,33.72,33.6,33.72,28900
SCOR,20100422,16.25,16.69,16.07,16.67,83600
SCSC,20100422,27.64,27.79,26.44,27.64,355300
SCSS,20100422,9.51,11.27,9.5,11.18,2887900
SCVL,20100422,16.58,17.62,16.5533,17.6,58300
SEAC,20100422,8.4,8.49,8.31,8.37,147300
SEED,20100422,9.54,9.74,9.35,9.66,763400
SEIC,20100422,23.63,24.17,23.37,24.15,725200
SENEA,20100422,30.61,31.39,30.51,31.3,17500
SENEB,20100422,31.05,31.05,31.05,31.05,100
SFLY,20100422,24.6,25.36,24.11,25.16,248000
SFNC,20100422,28.46,28.85,28.37,28.73,73600
SFST,20100422,8.44,8.44,8.44,8.44,200
SGC,20100422,9.43,9.55,9.16,9.5,3800
SGEN,20100422,11.23,11.43,10.85,11.41,460600
SGI,20100422,10.52,10.94,10.41,10.88,252200
SGMA,20100422,6.08,6.19,6.06,6.19,3900
SGMO,20100422,6.12,6.12,5.88,6.07,227400
SGMS,20100422,14.29,14.46,14.14,14.4,535500
SGRP,20100422,0.79,0.8,0.79,0.8,5000
SHBI,20100422,14.5,14.66,14.5,14.65,4200
SHEN,20100422,17.76,18.22,17.69,18.2,34800
SHIP,20100422,1.3,1.34,1.26,1.3,396400
SHLD,20100422,107.79,113.42,107.5,112.89,838800
SHLM,20100422,24.92,25.11,24.55,25.07,179500
SHLO,20100422,6.98,7.35,6.87,7.3,5200
SHOO,20100422,15.7719,16.6815,15.6859,16.5303,421800
SHOR,20100422,6.61,6.67,6.52,6.64,116600
SIAL,20100422,56.92,59.11,56.6,58.99,1147600
SIEB,20100422,2.2,2.2,2.13,2.2,1600
SIFI,20100422,6.57,6.57,6.57,6.57,100
SIFY,20100422,1.77,1.9,1.77,1.86,172100
SIGA,20100422,6.52,7.07,6.46,7.07,462100
SIGI,20100422,16.9,17.17,16.9,17.17,175200
SIGM,20100422,12.36,12.55,12.03,12.5,280200
SILC,20100422,9.8,10.09,9.78,9.94,7900
SIMG,20100422,3.66,3.69,3.55,3.68,394000
SIMO,20100422,5.85,6.1,5.7,6.07,492600
SINA,20100422,37.27,37.4,36.44,37.34,1370700
SINO,20100422,3.4,3.46,3.4,3.4,2400
SIRI,20100422,1.08,1.1,1.05,1.09,45168300
SIRO,20100422,40.08,40.48,39.47,40.42,260200
SIVB,20100422,49.86,51.14,49.62,50.82,557100
SIVBO,20100422,22.6,22.6,22.6,22.6,100
SKBI,20100422,10.52,10.76,10.4,10.63,22600
SKYW,20100422,14.26,14.6,14,14.25,457300
SLAB,20100422,50.06,51.64,49.34,51.34,770400
SLGN,20100422,31.78,32.445,31.78,32.41,191900
SLMAP,20100422,38.53,39.18,38.53,39,19000
SLP,20100422,2.43,2.49,2.4,2.4,27200
SLRC,20100422,23.79,23.79,23.3,23.64,62700
SLTC,20100422,5.32,5.58,5.22,5.48,3000
SLXP,20100422,38,38.81,37.8,38.72,386400
SMBC,20100422,14.66,14.7,14.4,14.5,1600
SMCI,20100422,17.88,18.62,17.51,18.61,158500
SMED,20100422,7.59,7.79,7.41,7.41,69400
SMIT,20100422,3.9,3.9,3.8,3.9,5200
SMMF,20100422,3.79,3.8,3.77,3.78,5600
SMRT,20100422,9.94,10.5,9.93,10.3,115200
SMSI,20100422,9.29,9.43,9.12,9.42,233600
SMTC,20100422,18.6,19.27,18.26,19.24,871800
SMTX,20100422,3.79,4.07,3.71,3.84,527100
SNAK,20100422,3.3,3.62,3.3,3.6,78800
SNBC,20100422,25.2,25.45,23,25.4,235200
SNCR,20100422,20.04,20.72,20.02,20.7,86000
SNDK,20100422,39.61,42.47,39.13,42.22,26150800
SNFCA,20100422,2.91,3,2.75,2.89,5000
SNHY,20100422,19.1067,19.6333,19.1067,19.5533,31300
SNMX,20100422,3.4,3.52,3.34,3.46,98000
SNPS,20100422,23.05,23.19,22.65,23.15,1077300
SNSS,20100422,0.92,1.02,0.91,0.99,3952200
SNTA,20100422,4.04,4.1,3.98,4.09,142000
SOCB,20100422,3.92,4.1,3.75,3.75,23900
SOFO,20100422,7.26,7.5,7.26,7.5,2400
SOHU,20100422,51.34,51.96,50.64,51.76,667300
SONA,20100422,8.24,8.25,8.13,8.15,19300
SONC,20100422,12.4,13.11,12.32,13,1147300
SONS,20100422,2.78,2.81,2.7,2.79,879100
SORL,20100422,9.8,10,9.39,9.91,138800
SPAN,20100422,18.49,18.73,18.49,18.6,2100
SPAR,20100422,6.26,6.5,6.07,6.47,447800
SPCHA,20100422,3.4,3.43,3.32,3.42,3000
SPCHB,20100422,3.6,3.6,3.6,3.6,100
SPEX,20100422,26.2,26.8,26,26,27100
SPIL,20100422,6.53,6.8,6.45,6.73,1881200
SPLS,20100422,24.15,24.51,23.96,24.43,6774300
SPNC,20100422,7.17,7.25,6.99,7.24,64200
SPNS,20100422,2.18,2.19,2.18,2.19,2100
SPPI,20100422,5.01,5.04,4.92,4.98,500000
SPPR,20100422,14.96,15.36,14.8,15.2,34000
SPPRO,20100422,23.5,23.5,23.5,23.5,0
SPPRP,20100422,8.26,8.3,8.26,8.3,1700
SPRO,20100422,2.96,3.03,2.95,3,3200
SPRT,20100422,3.61,3.79,3.61,3.71,296700
SPSC,20100422,14,14.5,13.21,13.6,1765700
SPTN,20100422,14.63,15.11,14.56,15.05,84900
SPU,20100422,6.01,6.16,5.81,6.03,137200
SQNM,20100422,5.89,6.02,5.76,5.99,1430800
SQQQ,20100422,826.08,838.72,787.36,789.76,310500
SRCE,20100422,18.21,18.98,17.9,18.7,34100
SRCL,20100422,55.63,56.64,55.28,56.56,424500
SRDX,20100422,21.69,21.81,21.45,21.8,20000
SSBI,20100422,6.25,6.5,6.25,6.5,2300
SSFN,20100422,9.25,9.4,9.11,9.4,4700
SSNC,20100422,16.36,16.52,15.8,16.01,180900
SSRI,20100422,18.76,19.19,18.64,19.19,437800
SSYS,20100422,25.76,26.7,25.34,26.69,84100
STAA,20100422,4.85,5.16,4.81,5.09,155500
STBA,20100422,24.04,25.56,24.02,25.25,175000
STEM,20100422,1.18,1.19,1.16,1.18,894000
STFC,20100422,18.09,18.35,18.09,18.3,24500
STKL,20100422,4.6,4.65,4.59,4.64,40200
STLD,20100422,16.46,16.72,16.02,16.68,7962100
STLY,20100422,10.37,10.7,10.16,10.7,9300
STMP,20100422,10.24,10.54,10.2,10.44,32100
STNR,20100422,45.55,47.13,45.47,46.72,41500
STRA,20100422,256.47,259.7,252.44,258.28,135000
STRL,20100422,17.48,17.92,17.33,17.82,55000
STRM,20100422,2.07,2.09,2.05,2.05,11700
STRN,20100422,7.39,7.39,7.22,7.26,3000
STRS,20100422,9.84,9.84,9.76,9.83,2900
STRT,20100422,21.35,21.86,21.29,21.86,1300
STX,20100422,19.4,19.87,19.03,19.69,11878900
STXS,20100422,48.8,49.2,47.7,48.2,263600
SUBK,20100422,32.41,33.21,32.28,33.21,9700
SUMR,20100422,6.54,6.64,6.49,6.51,9900
SURG,20100422,1.61,1.72,1.6,1.71,67700
SUSQ,20100422,10.9,12.03,10.84,11.89,4211000
SUTR,20100422,2.84,2.86,2.8,2.84,83000
SVA,20100422,5.77,5.8,5.63,5.73,413300
SVBI,20100422,4.39,5.2,4.39,4.89,13000
SWHC,20100422,4.1,4.25,4.07,4.2,872500
SWIR,20100422,8.87,8.99,8.8,8.99,156500
SWKS,20100422,15.62,15.71,15.31,15.65,8798000
SYBT,20100422,23.8,24.4,23.62,23.9,20200
SYKE,20100422,22.14,22.36,21.89,22.33,243200
SYMC,20100422,17.05,17.27,16.85,17.22,15665700
SYMX,20100422,1.06,1.09,1.05,1.09,72600
SYNA,20100422,29.77,30.84,29.55,30.5,2068100
SYNL,20100422,9.25,9.89,9.16,9.84,4100
SYNT,20100422,40.2,40.25,38.61,38.98,265900
SYPR,20100422,4.32,4.5,4.32,4.45,15600
SYUT,20100422,22.32,22.83,22,22.83,23200
TACT,20100422,7.06,7.36,7.06,7.36,2900
TAIT,20100422,1.52,1.52,1.52,1.52,100
TASR,20100422,5.34,5.63,5.32,5.61,1266400
TAST,20100422,7.46,7.79,7.46,7.77,181200
TATT,20100422,7.85,7.95,7.85,7.86,3200
TAXI,20100422,8.07,8.13,7.98,8.04,40500
TAYC,20100422,16.77,17.15,16.63,17.08,47100
TAYCP,20100422,23.3,23.5,23.26,23.5,1000
TAYD,20100422,5.89,5.98,5.76,5.93,20400
TBBK,20100422,9.14,9.41,9.09,9.21,45400
TBNK,20100422,19.99,20.25,19.97,20.22,20500
TCBI,20100422,20.21,21.17,19.72,20.81,593600
TCBK,20100422,21.83,22.75,21.83,22.65,11500
TCRD,20100422,12.75,12.88,12.22,12.75,2420000
TCX,20100422,3.04,3.08,3.04,3.08,65000
TEAR,20100422,2.4,2.4,2.26,2.32,29000
TECD,20100422,43.39,43.65,42.67,43.39,512100
TECH,20100422,64.92,65.28,64.36,65.25,85100
TESO,20100422,12.26,13.12,12.19,13,148700
TESS,20100422,15.5533,16.3933,15.3533,16.1,16000
TFSL,20100422,14.22,14.38,14.18,14.37,533100
TGA,20100422,7.13,7.39,7.07,7.31,623300
TGE,20100422,4.1,4.27,4.04,4.26,33500
THFF,20100422,29.12,30,29.12,29.96,15800
THLD,20100422,1.78,1.78,1.71,1.74,51400
THOR,20100422,35.46,35.47,34.76,34.86,906200
THRD,20100422,19.15,19.15,19.15,19.15,0
THRX,20100422,16.11,16.18,15.58,15.82,563400
TIBX,20100422,11.17,11.4,11.09,11.39,1677200
TICC,20100422,7.05,7.12,6.92,7.05,103300
TIGR,20100422,3.21,3.25,3.2,3.25,4000
TINY,20100422,5.35,5.37,5.2,5.26,120500
TISA,20100422,0.96,0.96,0.9,0.92,5000
TITN,20100422,14,14.35,13.85,14.2,198900
TIVO,20100422,17.95,18.75,17.9,18.59,3260100
TNDM,20100422,16.6,16.78,16.51,16.7,525700
TOPS,20100422,7.98,8.4,7.98,8.4,48500
TORM,20100422,4.93,6.81,4.93,5.66,264500
TOWN,20100422,16.84,17.2,16.67,16.95,80300
TQNT,20100422,7.84,8.16,7.7,8.16,4484200
TQQQ,20100422,15.085,15.8213,14.8275,15.7688,319800
TRAK,20100422,17.7,18.13,17.5,17.93,321800
TREE,20100422,9.21,9.4,9.13,9.33,36900
TRGT,20100422,22.92,23.34,22.28,23.22,96000
TRIB,20100422,6.01,6.19,6.01,6.18,15900
TRMB,20100422,15.255,15.47,14.94,15.425,511600
TRMK,20100422,26.3,26.55,26.14,26.53,363800
TRNS,20100422,7,7,7,7,0
TROW,20100422,57.99,59.3,57.1,58.98,2230000
TRS,20100422,8.18,8.89,8.13,8.89,109700
TRST,20100422,6.86,7.18,6.82,7.15,352400
TRUE,20100422,2.88,2.99,2.88,2.99,2800
TSBK,20100422,4.58,5.25,4.58,5.21,32300
TSCO,20100422,17.0725,17.58,17.035,17.4675,622600
TSEM,20100422,24.75,24.75,23.7,23.85,323700
TSPT,20100422,10.07,10.07,9.94,9.94,11200
TSRA,20100422,22.05,22.45,21.67,22.45,511600
TSRI,20100422,2.56,2.56,2.56,2.56,0
TSYS,20100422,7.24,7.43,7.16,7.4,476600
TTEC,20100422,17.81,18.05,17.7,18,180300
TTEK,20100422,22.2,22.82,22.02,22.71,415700
TTGT,20100422,4.79,4.79,4.5,4.7,369300
TTHI,20100422,3.85,3.92,3.68,3.85,27600
TTMI,20100422,9.93,10.12,9.82,10.11,607200
TTWO,20100422,10.66,10.88,10.51,10.84,1374300
TUES,20100422,8.21,8.28,8.19,8.26,534900
TWER,20100422,1.5,1.95,1.5,1.75,747800
TWGP,20100422,23.17,23.5,23,23.44,245500
TWIN,20100422,14.5,14.63,14.23,14.48,37800
TWMC,20100422,1.92,2.15,1.81,2.07,484600
TWTC,20100422,17.68,17.99,17.51,17.87,1422100
TXN,20100422,25.95,26.6,25.4,26.5,17506400
TXRH,20100422,15.62,16.2,15.44,16.13,1116200
TYPE,20100422,10.56,10.77,10.48,10.75,67600
TZOO,20100422,15.64,16.34,15.13,16.08,142700
UACL,20100422,18.57,19.21,18.46,19.1,16100
UBCP,20100422,8.41,8.52,8.4,8.5,1500
UBFO,20100422,4.73,4.78,4.62,4.7,3600
UBNK,20100422,13.88,14.42,13.88,14.3,43600
UBOH,20100422,10.17,10.37,9.9,9.95,9700
UBSH,20100422,16.5,17.45,16.19,17.39,46500
UBSI,20100422,30.19,31.79,30.09,31.54,305400
UCBA,20100422,6.35,6.35,6.35,6.35,0
UCBI,20100422,5.69,6.1,5.4,6.04,1307000
UCFC,20100422,1.61,1.76,1.61,1.72,78000
UCTT,20100422,10.06,10.4,9.72,10.3,274500
UEIC,20100422,22.36,22.53,22.21,22.5,31800
UEPS,20100422,17.33,18,17.3,17.88,548300
UFCS,20100422,19.15,19.36,19.06,19.35,52100
UFPI,20100422,42,44.68,41.51,44.48,233000
UFPT,20100422,10.46,10.75,10.21,10.66,58400
UG,20100422,11.89,12,11.89,12,13100
UHAL,20100422,62.3,62.87,61.59,62,22500
ULBI,20100422,4.35,4.45,4.14,4.36,83200
ULTA,20100422,22.99,24.85,22.75,24.59,602400
ULTI,20100422,34.88,36.23,34.51,36.01,162100
ULTR,20100422,6.03,6.16,5.92,6.16,23300
UMBF,20100422,43.09,44.22,43.09,44.22,133000
UMPQ,20100422,14.34,15.4,14.26,15.24,2556700
UNAM,20100422,9.59,9.65,9.59,9.65,3600
UNB,20100422,18.46,18.46,18.11,18.3,1600
UNFI,20100422,30.02,30.59,29.51,30.59,385800
UNIS,20100422,7.42,7.42,7.09,7.12,703600
UNTD,20100422,7.94,8.44,7.94,8.44,532600
UNTY,20100422,5.4,5.41,5.4,5.4,700
URBN,20100422,38.32,40.49,38.03,40.3,3662200
URRE,20100422,7,7.1,6.8,7,317300
USAK,20100422,17.3,17.88,17.14,17.88,16600
USAP,20100422,24.02,24.6,23.75,24.55,20700
USAT,20100422,1.12,1.13,1.08,1.11,20700
USATP,20100422,8.7,8.7,8.7,8.7,0
USBI,20100422,15.62,16,15.45,15.7,5200
USEG,20100422,6.22,6.39,6.14,6.3,188900
USLM,20100422,37.93,38.4,37.43,38.01,6800
USTR,20100422,30.255,30.72,30.005,30.65,194900
UTEK,20100422,14.1,15.98,13.58,15.86,933800
UTHR,20100422,55.67,56.75,54.51,56.17,763600
UTIW,20100422,16.59,16.77,16.38,16.61,562600
UTMD,20100422,28.11,28.15,27.91,28.12,2700
UTSI,20100422,9,9.54,9,9.45,854000
UVSP,20100422,20,20.58,19.67,20.45,13700
VALU,20100422,23.78,24.05,23.06,23.65,59100
VASC,20100422,9.75,9.75,9.46,9.61,34800
VBFC,20100422,58.4,58.4,57.6,57.6,1200
VCIT,20100422,77.61,77.61,77,77.12,45000
VCLT,20100422,76.42,76.49,75.74,76.13,12900
VCSH,20100422,76.53,76.6,76.46,76.53,187100
VDSI,20100422,7.85,7.98,7.78,7.98,73300
VECO,20100422,48.13,51.16,47.63,51.16,1383200
VGIT,20100422,59.92,59.96,59.74,59.74,6200
VGLT,20100422,58.14,58.36,58.03,58.03,7700
VGSH,20100422,60.08,60.08,60.02,60.03,3900
VIA,20100422,39.45,40.04,38.94,39.9,47200
VIAB,20100422,35.86,36.32,35.32,36.26,2917200
VIAS,20100422,21.12,21.55,21,21.51,6400
VICL,20100422,3.67,3.78,3.53,3.76,454800
VICR,20100422,14.96,15.14,14.68,14.96,103700
VIDE,20100422,5.25,5.27,5.1,5.1,2900
VIMC,20100422,4.45,4.6,4.44,4.59,35700
VIRC,20100422,3.43,3.55,3.43,3.46,40100
VISN,20100422,95.2,96.4,94,94.4,635200
VITC,20100422,9.49,9.6,9.33,9.47,964200
VIVO,20100422,19.65,19.8,19.27,19.36,375000
VLCCF,20100422,18.33,18.39,18.17,18.34,39300
VLGEA,20100422,28.18,28.18,27.76,28.12,4200
VLYWW,20100422,3.75,3.75,3.75,3.75,0
VMBS,20100422,50.17,50.17,50.03,50.03,21600
VNDA,20100422,10.78,10.9,10.52,10.83,506100
VOD,20100422,22.86,23.17,22.76,23.16,8020900
VOLC,20100422,22.58,22.84,22.2,22.81,352200
VOXX,20100422,8.2,9.12,8.2,9.08,65600
VPFG,20100422,17.02,17.27,17,17.27,27100
VPRT,20100422,59.43,61.1,58.47,61.04,345200
VRSK,20100422,28.01,28.36,28,28.2,225700
VRSN,20100422,27.19,27.52,26.86,27.42,2474900
VRTA,20100422,1.29,1.29,1.29,1.29,0
VRTB,20100422,7.12,7.44,7.12,7.28,8600
VRTS,20100422,22.46,22.93,22.46,22.93,3300
VRTU,20100422,10.99,11.24,10.71,11.23,64800
VRTX,20100422,39.06,39.06,37.98,38.09,2325500
VSAT,20100422,34.93,35.47,34.75,35.33,345800
VSCI,20100422,1.02,1.02,0.97,0.97,25400
VSCP,20100422,12.3,13,12.3,12.9,72100
VSEC,20100422,39.39,39.88,39.11,39.88,26200
VVTV,20100422,3.2,3.44,3.1,3.42,241600
VVUS,20100422,8.79,8.93,8.72,8.93,1104800
VYFC,20100422,5.78,5.86,5.78,5.8,400
WABC,20100422,59.17,59.97,59,59.9,179500
WAFD,20100422,20.79,21.22,20.65,21.21,2079700
WASH,20100422,19.81,20.44,19.81,20.43,24200
WAVX,20100422,14.84,15.28,14.4,15.28,235700
WAYN,20100422,8.25,8.25,8.25,8.25,0
WBMD,20100422,47.78,48.29,46.76,48.16,174000
WDC,20100422,39.96,40.88,38.96,40.68,8892800
WDFC,20100422,36.29,36.42,36,36.26,35200
WERN,20100422,23.32,23.36,22.98,23.2,1457200
WEYS,20100422,24.09,24.89,24.09,24.89,3700
WFD,20100422,9.76,10.05,9.59,10.05,39600
WFM,20100422,18.9,20.185,18.87,20.13,3310000
WIBC,20100422,11.18,11.63,11.18,11.54,185800
WILC,20100422,5.91,5.97,5.91,5.96,7200
WIN,20100422,11.03,11.09,10.93,11.09,4769500
WINA,20100422,27,27.54,27,27.54,2200
WIRE,20100422,21.48,22.68,21.45,22.67,220800
WLDN,20100422,2.38,2.38,2.28,2.28,4800
WLFC,20100422,14.01,14.27,13.68,14,11700
WMAR,20100422,11.13,11.44,11.13,11.42,70700
WMGI,20100422,18.58,18.58,17.9,18.33,689500
WOOD,20100422,43.99,44.64,43.74,44.52,9300
WOOF,20100422,27.99,28.16,27.54,28.16,275800
WPCS,20100422,22.05,22.4,21.91,22.26,15200
WPPGY,20100422,55.51,56.14,55.31,56.14,55700
WPRT,20100422,18.85,19.24,18.51,18.93,400000
WRES,20100422,2.91,2.95,2.85,2.94,294300
WRLD,20100422,37.19,37.56,36.78,37.51,210700
WSBC,20100422,18.27,18.73,18.25,18.63,50400
WSBF,20100422,3.78,4,3.74,4,9700
WSCI,20100422,2.29,2.48,2.29,2.48,15100
WSFS,20100422,42.05,43.37,39.91,43.26,35100
WSTG,20100422,9.1,9.1,8.95,8.95,1500
WSTL,20100422,1.45,1.53,1.45,1.46,211400
WTBA,20100422,8.09,8.24,7.9,8.16,15800
WTFC,20100422,40.68,42.93,40.55,42.85,322400
WVFC,20100422,13.7,13.7,13.7,13.7,0
WVVI,20100422,3.4,3.54,3.4,3.42,3400
WWWW,20100422,4.92,5.06,4.92,5.01,133600
WYNN,20100422,84.74,90.08,84.2,89.92,3899000
XBKS,20100422,8.01,8.01,8.01,8.01,0
XLNX,20100422,26.94,27.59,26.39,27.52,6959800
XNPT,20100422,10.38,10.4,10.2,10.34,501300
XOMA,20100422,0.72,0.72,0.7,0.71,2842200
XRAY,20100422,35.09,35.56,34.84,35.49,1554700
XWES,20100422,3.28,3.28,3.28,3.28,0
XXIA,20100422,10,10.24,10,10.21,283800
YHOO,20100422,17.37,17.78,17.15,17.72,36235500
YORW,20100422,13.78,14,13.6,14,32300
YRCW,20100422,0.74,0.76,0.71,0.74,51944800
ZAGG,20100422,2.98,3.05,2.95,3.05,174400
ZBRA,20100422,30.22,30.64,29.97,30.56,124400
ZEUS,20100422,36,36.21,34.19,34.56,376100
ZHNE,20100422,2.75,2.8,2.75,2.77,18100
ZINC,20100422,11.85,12.3,11.74,12.2,193900
ZION,20100422,28.68,29.75,28.15,29.6,6777300
ZIOP,20100422,5.79,5.85,5.65,5.83,534900
ZIPR,20100422,4.73,4.73,4.61,4.61,21100
ZIXI,20100422,2.47,2.64,2.42,2.64,681600
ZN,20100422,5.35,5.48,5.35,5.42,88200
ZOOM,20100422,71.1,72,71.1,71.9,7000
ZUMZ,20100422,19.84,20.22,19.52,20.15,333900
